20.7
17.9
18.8
14.6
15.8
15.8
15.8
17.4
21.8
20
16.2
13.3
16.7
21.5
25
20.7
20.6
24.8
17.7
15.5
18.2
12.1
14.4
16
16.5
18.7
19.4
17.2
15.5
15.1
15.4
15.3
18.8
21.9
19.9
16.6
16.8
14.6
17.1
25
15
13.7
13.9
18.3
22
22.1
21.2
18.4
16.6
16.1
15.7
16.6
16.5
14.4
14.4
18.5
16.9
17.5
21.2
17.8
-19979.9
-19980.1
-19979.8
-19979.6
-19979.3
-19979.4
-19979.8
-19980.1
-19980.3
-19980.5
-19979.2
-19979.3
-19980.2
-19981.2
-19981.5
-19981.2
-19981
-19981.4
-19980.6
-19980.4
-19981
-19980.3
-19980.7
-19981.3
-19980.3
-19980.9
-19980.6
-19981.5
-19981.3
-19981.5
-19980.2
-19979.5
-19980.1
-19980.2
-19980.7
-19979.6
-19979.4
-19979.1
-19979.4
-19979.6
-19979.7
-19979.1
-19978.5
-19979.6
-19980.7
-19980.6
-19980.5
-19980.9
-19980.4
-19980.4
-19981
-19980.6
-19980.7
-19980.2
-19980.9
-19980.2
-19980.6
-19980.2
-19981
-19980.5
-19981.7
-19982.2
-19980.3
-19980.5
-19981.7
-19981.2
-19980.4
-19981.1
-19980.6
-19980.1
-19980
-19979.5
-19980.1
-19980.2
-19980.4
-19980
-19980
-19980.9
-19982.2
-19981
-19980.7
-19982.9
-19982.9
-19982.8
-19982.4
-19982
-19981.5
-19982.7
-19981.9
-19980.3
-19980.1
-19980
-19980.5
-19979.6
-19978.9
-19978.1
-19979
-19979.9
-19979.8
-19980.3
-19979.8
-19981.2
-19981.5
-19981.9
-19982.1
-19982.9
-19981.6
-19980.4
-19980.6
-19979.5
-19980.6
-19981.3
-19981.1
-19980.3
-19980.1
-19980.8
-19981.5
-19982.1
-19981
-19982.3
-19981.8
-19982.1
-19981.8
-19979.8
-19979.4
-19980.3
-19980
-19977.9
-19978.3
-19977.6
-19979
-19979.2
-19979.2
-19979.3
-19981.5
-19980.2
-19980.2
-19980.6
-19980.8
-19981
-19981.3
-19979.5
-19980.3
-19980.4
-19980.9
-19978.9
-19979.3
-19978.7
-19979.1
-19977.9
-19978.2
-19978.7
-19979.1
-19978.7
-19980.2
-19980
-19980.2
-19980
-19980.8
-19980.1
-19980.3
-19979.2
-19979.9
-19980.5
-19979.5
-19979.4
-19978.5
-19978.1
-19978.2
-19979.4
-19979.8
-19980.5
-19979
-19978.4
-19979
-19979.3
-19979.9
-19979.2
-19978.8
-19977.3
-19979.2
-19980
-19979.9
-19981.6
-19980.4
-19980.3
-19979.5
-19980.4
-19979.4
-19979.6
-19978.3
-19977.1
-19977.3
-19977.6
-19977.8
-19977.2
-19978.2
-19977.7
-19977.6
-19976.8
-19978.1
-19978
-19976.4
-19978.3
-19976
-19978
-19978.2
-19978.6
-19978.5
-19977
-19978.3
-19978.3
-19978
-19978.1
-19978.5
-19978.6
-19978.6
-19979.1
-19977.4
-19978.9
-19979.2
-19978.6
-19977.7
-19977.7
-19978.5
-19978.1
-19978.7
-19979.3
-19979.4
-19979.3
-19979.6
-19979.6
-19977.7
-19979.4
-19979.8
-19978.8
-19978.4
-19979.2
-19978.7
-19978.4
-19979.7
-19979
-19978.4
-19978.6
-19979.8
-19978.4
-19977.9
-19979.2
-19980
-19979.8
-19978.6
-19979.3
-19978.2
-19977.9
-19978.8
-19980
-19978.2
-19977.9
-19978.8
-19977.8
-19979.2
-19979.4
-19979.9
-19979.2
-19978.1
-19978.9
-19977.8
-19977.8
-19979.5
-19980.8
-19978.1
-19978.2
-19977.6
-19977.6
-19978.5
-19978.1
-19977.9
-19977.5
-19977.4
-19977.9
-19977.2
-19978.5
-19978.5
-19979.4
-19977.7
-19977.6
-19977.7
-19978.1
-19978.6
-19978.7
-19978.4
-19977.4
-19978.2
-19979.2
-19977.9
-19978.8
-19978.7
-19978.7
-19978.3
-19978
-19979
-19979.6
-19979.2
-19978.2
-19977.7
-19977.8
-19978.6
-19979.2
-19978.1
-19977.2
-19978
-19977.9
-19978.2
-19978.7
-19978.6
-19978
-19978
-19978.1
-19978.4
-19978.4
-19978.5
-19978.8
-19978.1
-19977.6
-19977.7
-19977.2
-19977.8
-19977.7
-19977.3
-19977
-19976.8
-19978.3
-19978
-19978.1
-19979
-19978
-19978.3
-19978.5
-19979.4
-19979.3
-19979.2
-19979.6
-19979.8
-19979.6
-19979.2
-19979.5
-19979.1
-19978.4
-19977.8
-19978.1
-19978.9
-19978.6
-19978.3
-19978.1
-19978.3
-19979.2
-19978.7
-19978.1
-19978.6
-19979.4
-19979.5
-19979.3
-19979
-19979.7
-19980.6
-19981.1
-19980.7
-19980.1
-19980.5
-19979.9
-19979.8
-19980.4
-19980.2
-19979.9
-19979.2
-19979.6
-19980.3
-19980.2
-19980.7
-19980.1
-19980.1
-19979.6
-19979.5
-19979.6
-19980.5
-19980
-19980.4
-19979.6
-19979
-19978.7
-19979.3
-19979.1
-19978.5
-19979.4
-19979
-19979
-19979.7
-19980.4
-19980.9
-19980.4
-19980.9
-19981.1
-19980.7
-19980.3
-19980.7
-19981.5
-19981
-19982
-19980.8
-19980.3
-19979.1
-19980
-19979.7
-19979.4
-19979.7
-19980.4
-19978.4
-19979.4
-19980.5
-19981.5
-19980.9
-19981.3
-19981
-19981.4
-19980.8
-19981.3
-19980.9
-19981.3
-19981.1
-19981.2
-19981.1
-19980.8
-19980
-19980.1
-19981.4
-19981.7
-19980.9
-19980.8
-19981.3
-19982.4
-19982.6
-19981.3
-19979.8
-19980.4
-19982.2
-19982.4
-19981.8
-19981.3
-19981.9
-19980.3
-19980.4
-19979.3
-19980.3
-19980.5
-19979.2
-19978.7
-19978.6
-19979.9
-19980.7
-19981.6
-19980.8
-19980.1
-19980.9
-19980.8
-19983.5
-19983.1
-19983.1
-19982.6
-19984
-19983.4
-19983.1
-19983.8
-19983.3
-19982.7
-19980.2
-19978.9
-19978.4
-19979.3
-19980.9
-19981.2
-19980.5
-19980.1
-19981.6
-19982
-19982
-19982.3
-19982.5
-19982
-19982.4
-19982.1
-19981.1
-19982.3
-19981.8
-19982
-19981.1
-19981.6
-19981.1
-19981.8
-19980.3
-19979.8
-19981.8
-19981.9
-19982.1
-19982.2
-19982.3
-19982.4
-19983
-19983.6
-19982.2
-19981.9
-19980.2
-19981.4
-19981.8
-19982.6
-19983.1
-19979.7
-19978.4
-19978.1
-19978.5
-19978.5
-19978.9
-19978.8
-19978
-19976.6
-19976.9
-19979.3
-19981.2
-19981.6
-19979.8
-19979.5
-19977.7
-19978.3
-19980.1
-19979.3
-19976.9
-19976.7
-19976.6
-19975.6
-19977.2
-19977
-19977.5
-19975.2
-19975.4
-19977
-19977.3
-19978.9
-19977
-19978.5
-19978.2
-19976.8
-19975.1
-19975.8
-19978.7
-19978.5
-19977.4
-19977.2
-19978.1
-19977.8
-19979.9
-19978.9
-19978
-19978.6
-19980.5
-19980.6
-19977.4
-19977.8
-19979.9
-19980.1
-19978.4
-19979.3
-19978.9
-19979.4
-19979.3
-19977.2
-19978.7
-19979.7
-19980.4
-19979.7
-19978.5
-19979.5
-19981.3
-19980.8
-19977.5
-19978.9
-19978.5
-19979.3
-19978.9
-19979.2
-19977.3
-19979
-19978.9
-19978.2
-19979.3
-19979.3
-19978.4
-19978.3
-19978.8
-19978.9
-19977.2
-19979
-19979.6
-19980.8
-19979.3
-19978.8
-19977.1
-19977.7
-19979.5
-19979.1
-19977.3
-19977.4
-19978.2
-19975.6
-19978
-19977.6
-19978.7
-19978.2
-19977
-19976.7
-19977.5
-19978.6
-19978.1
-19978
-19976.2
-19976.8
-19978.1
-19976.9
-19977.5
-19976.1
-19977.6
-19977.4
-19978.9
-19977.9
-19978
-19978.7
-19979
-19978.5
-19977.7
-19977.5
-19976.6
-19978.1
-19978.6
-19978.3
-19977
-19978
-19979.5
-19978.2
-19977.8
-19977.6
-19978.1
-19978.5
-19979.5
-19979.3
-19978.7
-19978.9
-19979.1
-19978.6
-19977.3
-19977.8
-19978.7
-19977.8
-19977.3
-19978.4
-19977.9
-19978
-19978.6
-19978.5
-19979.1
-19979.4
-19979.3
-19978.8
-19977.7
-19977.9
-19978.6
-19979.3
-19978.7
-19977.9
-19977.5
-19978.3
-19978.5
-19978.2
-19978.4
-19979.3
-19979.5
-19980.1
-19979.8
-19979.8
-19979.2
-19980.5
-19980.1
-19979.5
-19979.5
-19980
-19979.6
-19979.6
-19978.8
-19979.8
-19978.9
-19979.1
-19979.5
-19979
-19979.3
-19978.7
-19978.6
-19978.7
-19979.4
-19979.9
-19979.3
-19979.4
-19978.6
-19978.3
-19977.8
-19978.3
-19977.9
-19978.1
-19978.5
-19977.6
-19977.4
-19978.1
-19979
-19978.2
-19978.9
-19979.3
-19978.9
-19978.7
-19978.9
-19978.7
-19978.2
-19979
-19978.6
-19978.5
-19978.1
-19977.5
-19977.4
-19977.5
-19977.1
-19977.1
-19977.3
-19977.4
-19978.7
-19977.5
-19976.6
-19977.4
-19978.2
-19978.6
-19978.9
-19979.9
-19978.8
-19979.3
-19979.4
-19979.2
-19979.5
-19979.6
-19980.4
-19979.3
-19979.1
-19979.4
-19979.8
-19980.4
-19980.8
-19980.8
-19979.9
-19980.6
-19981.4
-19981.2
-19980.6
-19981.3
-19982.3
-19981.4
-19981.5
-19981.9
-19981.9
-19981.5
-19981.2
-19980.6
-19980.6
-19981.3
-19982.5
-19982
-19980.9
-19981.5
-19982.2
-19981.8
-19981.3
-19981.2
-19981.2
-19981.5
-19982.3
-19981.5
-19981.1
-19980.9
-19981.4
-19981
-19980.2
-19979.3
-19978.8
-19979.7
-19979.1
-19979.2
-19980.5
-19980.9
-19980.6
-19979.6
-19980.1
-19979.8
-19979.4
-19978.9
-19978.8
-19979.8
-19980.3
-19980.7
-19981
-19981.2
-19981.7
-19981.5
-19980.8
-19980.7
-19980.9
-19979.5
-19980.2
-19981.1
-19981.4
-19980.5
-19979.6
-19979.1
-19979.6
-19981
-19980.2
-19979.1
-19978.7
-19981.3
-19981.2
-19980.5
-19982.1
-19982
-19981.4
-19981.1
-19981
-19980.8
-19981
-19982.1
-19982.3
-19980.9
-19981.4
-19983.6
-19981.8
-19980.7
-19982.2
-19982.8
-19981.9
-19981.5
-19982.3
-19982.5
-19982
-19981.3
-19981
-19979.9
-19980.8
-19982
-19980.9
-19978.6
-19979.3
-19979.3
-19980
-19981
-19981.4
-19978.3
-19977.9
-19979.3
-19979.8
-19981.3
-19981.5
-19982.2
-19981.1
-19981.3
-19981.7
-19981.4
-19981
-19980.1
-19981
-19980.5
-19980.6
-19981
-19979.8
-19978.8
-19980.3
-19979.7
-19977.3
-19978.2
-19977.6
-19977.2
-19975.9
-19977.2
-19977.6
-19978
-19979.3
-19980.7
-19978.5
-19975.9
-19978
-19978.6
-19977.4
-19977.1
-19978.2
-19977.2
-19976.2
-19977.8
-19979
-19980.1
-19978.8
-19979.2
-19977.6
-19978.2
-19978.7
-19980.2
-19978.3
-19976.6
-19977.5
-19977.5
-19979
-19979.3
-19978.4
-19976.9
-19976.6
-19977.7
-19977.8
-19979
-19977.9
-19978.7
-19978.6
-19977.7
-19977.7
-19980.5
-19981.2
-19979.9
-19979.9
-19978.7
-19979.7
-19979.1
-19978.7
-19979
-19980.3
-19978.4
-19979.1
-19977.9
-19976.9
-19978.9
-19978.9
-19980
-19979.5
-19979.5
-19978.9
-19980.4
-19980.5
-19978.5
-19979.6
-19978.7
-19979.6
-19980.4
-19979.6
-19978.5
-19977.8
-19979.7
-19978.9
-19978.7
-19976.4
-19977.7
-19978.2
-19976.6
-19977.1
-19979.3
-19978.6
-19978.8
-19979.7
-19979.4
-19979.2
-19979.5
-19978.1
-19977.8
-19977.7
-19978
-19977.9
-19977.5
-19978
-19979.7
-19979.7
-19978.6
-19979.4
-19978.8
-19978.2
-19978.2
-19979
-19979.5
-19979.4
-19978.7
-19979.2
-19979.8
-19979.9
-19979.4
-19979.5
-19978.9
-19977.9
-19977.3
-19977.4
-19978.1
-19977.7
-19976.6
-19977.1
-19976.7
-19976.9
-19977.6
-19978.3
-19977.7
-19977.6
-19978
-19978.9
-19979.1
-19979.2
-19979.6
-19979.2
-19978.3
-19978.3
-19978.5
-19977.5
-19978
-19978.4
-19978.5
-19977.7
-19976.9
-19977.9
-19978
-19977.4
-19979
-19978.2
-19977.3
-19977.2
-19978.3
-19978.2
-19978.2
-19978.2
-19978.1
-19978.2
-19977.9
-19977.7
-19977.8
-19977.4
-19978.9
-19978.9
-19978
-19977.8
-19979.3
-19979.2
-19979.2
-19979.5
-19979.6
-19978.8
-19979.4
-19979.2
-19979
-19979.6
-19979.2
-19978.8
-19978.7
-19980.2
-19980.8
-19980.1
-19979.6
-19980.5
-19979.8
-19978.4
-19980.2
-19980.1
-19980
-19979.4
-19978.8
-19978.8
-19979.6
-19980.4
-19979.6
-19979.5
-19978.7
-19979.1
-19978.6
-19978.7
-19978.9
-19979.5
-19979.3
-19978.9
-19979.3
-19979.7
-19979.4
-19978.8
-19978.9
-19979
-19979.3
-19979
-19979
-19978.8
-19979.3
-19980.1
-19980.1
-19980.3
-19979.6
-19980.7
-19980.6
-19980
-19979.9
-19979.5
-19979.9
-19979.3
-19979.9
-19979.2
-19979.6
-19979.3
-19979
-19980
-19979.6
-19980.2
-19979.4
-19979.5
-19979.2
-19979.6
-19979.8
-19979.8
-19980.2
-19979.1
-19979.6
-19979.8
-19979.7
-19981
-19981.3
-19981.1
-19980.4
-19980.7
-19980
-19981.9
-19981.4
-19981.3
-19980.3
-19980.2
-19980.8
-19981.4
-19980.5
-19980.1
-19980.6
-19980.1
-19980.2
-19980.2
-19979.9
-19979.6
-19979.2
-19979.9
-19978.4
-19980.9
-19980.3
-19980.8
-19979.9
-19979.3
-19979.8
-19979.9
-19980.2
-19980.9
-19981.3
-19980.5
-19980.8
-19981.1
-19980.7
-19981.9
-19982.1
-19982.7
-19981.9
-19981.7
-19981.6
-19982.7
-19982.6
-19982.7
-19981.8
-19980.5
-19979.9
-19981.4
-19981
-19979.3
-19979.5
-19979.7
-19980.4
-19980.2
-19979.9
-19980.8
-19980.7
-19979.4
-19978.5
-19978.8
-19980.1
-19981
-19980.2
-19980.1
-19979.9
-19980.1
-19979.9
-19978.7
-19980.6
-19980.9
-19980.1
-19980.9
-19980.5
-19981.5
-19981.3
-19982.5
-19982.9
-19981
-19980.7
-19981.1
-19980.4
-19979.4
-19979.4
-19979.5
-19979.6
-19979.8
-19979.5
-19978.9
-19979.1
-19980
-19978.9
-19980.5
-19981.2
-19980.3
-19980.1
-19982.2
-19982
-19980.9
-19981.1
-19982.6
-19982.6
-19981.1
-19981.7
-19979.7
-19980
-19980.2
-19981.3
-19981.4
-19981.1
-19981.3
-19980.6
-19980.7
-19982
-19983.6
-19981.2
-19979.1
-19979.2
-19977.9
-19978.7
-19977.6
-19978.3
-19976.4
-19978.2
-19978.9
-19977.8
-19977.1
-19976
-19975.1
-19975.7
-19977.4
-19977.8
-19978
-19978.6
-19978.8
-19978.1
-19979.7
-19979.9
-19979.2
-19979.2
-19979
-19978.4
-19977.7
-19977.6
-19977.9
-19978.9
-19979.8
-19979.9
-19979
-19976.6
-19979
-19977.8
-19978.9
-19979.6
-19978.9
-19978.7
-19978.1
-19979.4
-19978.9
-19978.4
-19978.7
-19977.9
-19978.3
-19979.1
-19979.6
-19978.9
-19979
-19979
-19979.5
-19979
