6.4
6.3
7.5
8.5
9.4
12.3
13.1
13.2
11.8
9.4
9.5
5.8
7.3
6.6
9.2
8.4
10.5
12.4
13
11.7
11.9
10.2
7.2
6.9
7.3
7.6
7.5
11
11.2
12.4
13.2
12.6
12
10.9
9
7.4
7.3
6.4
8.4
10.5
12.7
13.4
14.1
13.2
13.1
12.6
11.1
7
7.9
5.8
8.4
9.3
10.3
12.3
11.7
11.1
10.7
9.7
8.1
4.4
-19994.7
-19994.2
-19992.7
-19991
-19989.4
-19988.1
-19988
-19988.6
-19990.1
-19991.9
-19993.5
-19994.6
-19994.7
-19994.1
-19992.5
-19990.7
-19989
-19987.8
-19987.7
-19988.3
-19989.9
-19991.6
-19993.4
-19994.3
-19994.5
-19994
-19992.6
-19990.9
-19989.3
-19988.3
-19988.2
-19988.8
-19990
-19991.7
-19993.4
-19994.5
-19994.8
-19994.3
-19992.7
-19991
-19989.3
-19988.1
-19988
-19988.5
-19989.9
-19991.7
-19993.5
-19994.5
-19994.6
-19994.1
-19992.4
-19990.7
-19989
-19987.9
-19987.7
-19988.5
-19989.9
-19991.6
-19993.5
-19994.5
-19994.6
-19993.8
-19992.4
-19990.8
-19989.2
-19988.1
-19987.9
-19988.7
-19990.1
-19991.9
-19993.7
-19994.7
-19995
-19994.1
-19992.7
-19990.9
-19989.3
-19988.4
-19987.9
-19988.7
-19990.1
-19991.8
-19993.5
-19994.4
-19994.5
-19993.9
-19992.5
-19990.6
-19988.8
-19987.5
-19987.2
-19988.2
-19989.9
-19991.8
-19993.6
-19994.9
-19995
-19994.1
-19992.8
-19990.8
-19989.1
-19988.1
-19987.7
-19988.5
-19990.1
-19991.9
-19993.7
-19994.6
-19994.8
-19994.1
-19992.7
-19990.8
-19989.2
-19987.9
-19987.6
-19988.4
-19989.6
-19991.7
-19993.3
-19994.6
-19994.9
-19994.1
-19992.8
-19990.7
-19989
-19988
-19987.7
-19988.4
-19990
-19991.8
-19993.3
-19994.5
-19994.9
-19994.2
-19992.7
-19991.1
-19989.3
-19988.1
-19987.8
-19988.4
-19989.9
-19991.9
-19993.7
-19994.9
-19995.4
-19994.3
-19992.8
-19990.9
-19989.1
-19987.9
-19987.5
-19988.3
-19989.8
-19991.5
-19993.4
-19994.4
-19994.9
-19994
-19992.6
-19990.6
-19989.1
-19988.1
-19987.7
-19988.5
-19989.9
-19991.6
-19993.3
-19994.6
-19994.8
-19994.1
-19992.9
-19991.1
-19989.4
-19988.4
-19987.9
-19988.6
-19989.9
-19991.7
-19993.4
-19994.4
-19994.6
-19994.1
-19992.5
-19990.7
-19989.2
-19988
-19987.7
-19988.4
-19989.7
-19991.5
-19993.2
-19994.3
-19994.5
-19994
-19992.7
-19990.9
-19989.4
-19988.3
-19988.1
-19988.9
-19990
-19991.7
-19993.3
-19994.3
-19994.7
-19994.1
-19992.9
-19991.1
-19989.7
-19988.5
-19988.1
-19988.7
-19989.9
-19991.7
-19993.1
-19994.3
-19994.5
-19993.9
-19992.6
-19990.7
-19989.3
-19988.3
-19988
-19988.4
-19989.7
-19991.4
-19992.9
-19994.1
-19994.3
-19994
-19992.8
-19991
-19989.6
-19988.5
-19988.1
-19988.7
-19990.1
-19991.7
-19993.4
-19994.5
-19994.6
-19994
-19992.8
-19991
-19989.4
-19988.3
-19988.2
-19988.6
-19989.9
-19991.4
-19993.1
-19994.2
-19994.3
-19993.7
-19992.5
-19990.8
-19989
-19988
-19987.9
-19988.5
-19990
-19991.7
-19993.3
-19994.7
-19994.8
-19994.1
-19992.5
-19990.9
-19989.3
-19988.2
-19988
-19988.8
-19990.3
-19991.9
-19993.5
-19994.4
-19994.7
-19994
-19992.6
-19990.8
-19989.1
-19988
-19987.6
-19988.3
-19989.9
-19991.6
-19993.4
-19994.6
-19995
-19994.2
-19992.6
-19990.7
-19988.9
-19987.7
-19987.4
-19988.2
-19989.8
-19991.9
-19993.7
-19994.8
-19995
-19994.3
-19992.6
-19990.8
-19989
-19987.8
-19987.6
-19988.3
-19989.8
-19991.7
-19993.5
-19994.6
-19994.8
-19994.2
-19992.8
-19990.9
-19989.2
-19988
-19987.8
-19988.6
-19990.1
-19991.8
-19993.5
-19994.6
-19994.9
-19994.1
-19992.6
-19990.8
-19989.2
-19988.1
-19987.7
-19988.3
-19989.6
-19991.5
-19993.2
-19994.3
-19994.7
-19994
-19992.8
-19991
-19989.3
-19988.4
-19988.1
-19988.9
-19990.1
-19991.7
-19993.3
-19994.4
-19994.6
-19994.1
-19992.8
-19991.1
-19989.7
-19988.5
-19988.3
-19988.9
-19990.1
-19991.7
-19993.2
-19994.2
-19994.3
-19993.8
-19992.5
-19990.9
-19989.4
-19988.4
-19988.1
-19988.7
-19989.8
-19991.4
-19993.2
-19994.1
-19994.5
-19993.9
-19992.5
-19990.8
-19989.3
-19988.3
-19988.1
-19988.8
-19990.1
-19991.7
-19993.3
-19994.4
-19994.5
-19994
-19992.5
-19990.8
-19989.1
-19988
-19987.8
-19988.5
-19990
-19991.5
-19993.2
-19994.3
-19994.5
-19993.9
-19992.4
-19990.6
-19989.2
-19988.2
-19987.8
-19988.5
-19990.1
-19991.8
-19993.7
-19994.6
-19994.7
-19994.3
-19992.8
-19991
-19989.3
-19987.9
-19987.8
-19988.5
-19989.8
-19991.5
-19993.3
-19994.4
-19994.7
-19994.1
-19992.8
-19991
-19989.3
-19988.2
-19987.7
-19988.3
-19989.6
-19991.6
-19993.4
-19994.6
-19995
-19994.3
-19993
-19991.3
-19989.5
-19988.1
-19987.7
-19988.3
-19989.6
-19991.4
-19993.1
-19994.6
-19995
-19994.4
-19993.1
-19991.1
-19989.2
-19987.9
-19987.4
-19987.9
-19989.3
-19991.1
-19993.2
-19994.6
-19995.1
-19994.5
-19993.1
-19991.3
-19989.4
-19987.9
-19987.2
-19987.8
-19989.4
-19991.5
-19993.5
-19995
-19995.4
-19994.9
-19993.3
-19991.3
-19989.4
-19987.9
-19987.2
-19987.7
-19989.2
-19991.1
-19993.2
-19994.6
-19995
-19994.6
-19993.1
-19991.2
-19989.5
-19988
-19987.5
-19988.2
-19989.6
-19991.4
-19993.5
-19994.8
-19995.3
-19994.8
-19993.5
-19991.5
-19989.6
-19988
-19987.4
-19987.9
-19989.2
-19991.2
-19993
-19994.4
-19994.7
-19994.5
-19993.1
-19991
-19989.2
-19987.8
-19987.4
-19988
-19989.6
-19991.7
-19993.6
-19995.2
-19995.4
-19994.8
-19993.2
-19991.1
-19989.1
-19987.8
-19987.4
-19988.1
-19989.8
-19991.5
-19993.4
-19994.7
-19994.9
-19994.3
-19992.7
-19990.7
-19989
-19987.8
-19987.4
-19988
-19989.7
-19991.7
-19993.6
-19994.9
-19995.2
-19994.6
-19993.1
-19991.1
-19989.1
-19987.8
-19987.6
-19988.2
-19989.8
-19991.7
-19993.6
-19994.9
-19995.1
-19994.5
-19992.9
-19990.8
-19988.9
-19987.7
-19987.4
-19988.1
-19989.6
-19991.8
-19993.6
-19995
-19995.3
-19994.4
-19992.7
-19990.7
-19989
-19987.8
-19987.6
-19988.4
-19989.9
-19991.8
-19993.6
-19994.8
-19994.9
-19994.3
-19992.8
-19990.9
-19989.2
-19987.9
-19987.5
-19988.3
-19989.7
-19991.5
-19993.5
-19994.7
-19994.9
-19994.1
-19992.6
-19990.8
-19989.2
-19988
-19987.5
-19988.3
-19989.9
-19991.7
-19993.5
-19994.7
-19995
-19994.3
-19992.8
-19990.9
-19989.2
-19987.9
-19987.6
-19988.2
-19989.7
-19991.6
-19993.4
-19994.7
-19995
-19994.4
-19993
-19990.9
-19989
-19988
-19987.5
-19988.2
-19989.8
-19991.7
-19993.4
-19994.7
-19994.9
-19994.4
-19993.1
-19991.1
-19989.3
-19988
-19987.5
-19988.2
-19989.7
-19991.6
-19993.3
-19994.7
-19994.9
-19994.3
-19993
-19990.9
-19989.1
-19988
-19987.5
-19988
-19989.6
-19991.4
-19993.1
-19994.4
-19994.8
-19994.3
-19993
-19991.1
-19989.4
-19988.1
-19987.8
-19988.4
-19989.5
-19991.4
-19993.1
-19994.5
-19995.1
-19994.3
-19993.1
-19991.2
-19989.4
-19988.4
-19987.9
-19988.4
-19989.6
-19991.6
-19993.2
-19994.3
-19994.8
-19994.2
-19993
-19991.4
-19989.7
-19988.3
-19987.9
-19988.5
-19989.6
-19991.6
-19993.1
-19994.4
-19994.7
-19994
-19992.8
-19991.1
-19989.4
-19988.4
-19988.1
-19988.5
-19989.6
-19991.5
-19993.2
-19994.3
-19994.7
-19994
-19992.6
-19991.1
-19989.4
-19988.1
-19987.9
-19988.6
-19989.8
-19991.6
-19993.4
-19994.3
-19994.8
-19994.2
-19992.7
-19991
-19989.2
-19987.9
-19987.6
-19988.3
-19989.8
-19991.7
-19993.3
-19994.3
-19994.7
-19994.1
-19992.5
-19990.8
-19989.1
-19987.7
-19987.6
-19988.3
-19989.8
-19991.8
-19993.5
-19994.8
-19995.1
-19994.4
-19992.7
-19990.9
-19989.2
-19988.1
-19987.9
-19988.6
-19990
-19991.7
-19993.5
-19994.6
-19994.8
-19994.3
-19992.8
-19990.9
-19989.1
-19987.8
-19987.6
-19988.2
-19989.6
-19991.6
-19993.4
-19994.6
-19995.1
-19994.3
-19992.8
-19990.8
-19989.2
-19987.9
-19987.5
-19988.3
-19989.8
-19991.8
-19993.7
-19994.9
-19995.3
-19994.6
-19992.9
-19990.9
-19988.9
-19987.5
-19987.4
-19988.2
-19989.6
-19991.7
-19993.6
-19994.8
-19995
-19994.4
-19992.6
-19990.7
-19988.8
-19987.6
-19987.3
-19987.9
-19989.6
-19991.6
-19993.6
-19994.8
-19995.1
-19994.5
-19993
-19991.1
-19989.2
-19987.9
-19987.7
-19988.4
-19989.8
-19991.6
-19993.6
-19994.8
-19995.2
-19994.6
-19992.9
-19990.8
-19989.1
-19987.8
-19987.3
-19988
-19989.6
-19991.4
-19993.3
-19994.6
-19995
-19994.4
-19993.1
-19991.3
-19989.4
-19988.2
-19987.7
-19988.4
-19989.6
-19991.8
-19993.4
-19994.7
-19995
-19994.3
-19993
-19991.1
-19989.6
-19988.3
-19987.8
-19988.2
-19989.5
-19991.4
-19992.9
-19994.2
-19994.9
-19994.2
-19993
-19991.2
-19989.3
-19988.1
-19987.8
-19988.3
-19989.6
-19991.3
-19993.1
-19994.3
-19994.7
-19994.1
-19992.9
-19991.1
-19989.4
-19988.2
-19987.7
-19988.2
-19989.5
-19991.3
-19993
-19994.2
-19994.7
-19994.3
-19992.8
-19991.5
-19989.8
-19988.5
-19988.2
-19988.4
-19989.7
-19991.3
-19993
-19994.2
-19994.8
-19994.2
-19992.8
-19991
-19989.3
-19988.2
-19987.9
-19988.3
-19989.8
-19991.4
-19993.1
-19994.3
-19994.7
-19994.2
-19992.9
-19991
-19989.6
-19988.4
-19988.2
-19988.7
-19989.9
-19991.7
-19993.2
-19994.4
-19994.4
-19994
-19992.6
-19990.9
-19989.3
-19988.2
-19988
-19988.5
-19989.9
-19991.6
-19993.2
-19994.3
-19994.5
-19994
-19992.7
-19990.9
-19989.4
-19988.3
-19988
-19988.7
-19990
-19991.5
-19993.2
-19994.3
-19994.6
-19993.9
-19992.7
-19991
-19989.3
-19988.1
-19987.7
-19988.3
-19989.6
-19991.5
-19993.3
-19994.3
-19994.7
-19994.1
-19992.9
-19991.3
-19989.4
-19988.4
-19988.1
-19988.6
-19990
-19991.6
-19993.1
-19994.4
-19994.8
-19994.1
-19992.6
-19991
-19989.3
-19988
-19987.5
-19988.2
-19989.6
-19991.5
-19993.1
-19994.3
-19994.5
-19994.1
-19993
-19991.2
-19989.5
-19988.2
-19988
-19988.6
-19990
-19991.8
-19993.4
-19994.6
-19994.9
-19994.4
-19993
-19991.1
-19989.3
-19987.9
-19987.5
-19988.1
-19989.6
-19991.3
-19993.2
-19994.4
-19994.9
-19994.4
-19992.9
-19991
-19989.1
-19987.9
-19987.7
-19988.3
-19989.7
-19991.8
-19993.5
-19994.7
-19995.1
-19994.4
-19992.9
-19991
-19989.2
-19987.8
-19987.6
-19988.2
-19989.5
-19991.5
-19993.4
-19994.7
-19995
-19994.4
-19992.7
-19991
-19989.2
-19988
-19987.7
-19988.3
-19989.7
-19991.7
-19993.6
-19994.9
-19995.2
-19994.3
-19992.7
-19990.8
-19989
-19987.6
-19987.3
-19988.1
-19989.7
-19991.8
-19993.5
-19994.7
-19994.9
-19994.2
-19992.5
-19990.8
-19989.2
-19987.9
-19987.6
-19988.3
-19989.9
-19991.6
-19993.6
-19994.9
-19995.2
-19994.6
-19992.8
-19991.1
-19989.3
-19987.9
-19987.6
-19988.3
-19989.9
-19991.8
-19993.9
-19994.9
-19995.2
-19994.4
-19992.7
-19990.6
-19988.7
-19987.4
-19987
-19988
-19989.6
-19991.6
-19993.4
-19994.8
-19995.2
-19994.5
-19992.9
-19990.8
-19989.1
-19987.8
-19987.6
-19988.4
-19989.8
-19992
-19994
-19995.2
-19995.4
-19994.6
-19992.9
-19990.6
-19988.8
-19987.5
-19987.1
-19988
-19989.5
-19991.6
-19993.4
-19994.7
-19995.2
-19994.3
-19992.8
-19990.6
-19988.8
-19987.7
-19987.5
-19988.3
-19989.8
-19991.9
-19993.7
-19994.8
-19995.1
-19994.4
-19993
-19991
-19989.2
-19988
-19987.7
-19988.5
-19989.9
-19991.6
-19993.4
-19994.5
-19994.7
-19994.2
-19992.9
-19991
-19989.4
-19988.1
-19987.8
-19988.3
-19989.7
-19991.5
-19993.2
-19994.4
-19994.7
-19994.3
-19992.9
-19991
-19989.3
-19988.3
-19988
-19988.6
-19990
-19991.6
-19993.2
-19994.3
-19994.6
-19994
-19992.7
-19991.3
-19989.5
-19988.4
-19988.1
-19988.6
-19989.8
-19991.4
-19992.9
-19994
-19994.3
-19993.7
-19992.5
-19991
-19989.5
-19988.5
-19988
-19988.5
-19989.7
-19991.4
-19993
-19994.1
-19994.5
-19994
-19992.8
-19991.2
-19989.6
-19988.7
-19988.3
-19988.8
-19990
-19991.7
-19993.2
-19994.4
-19994.8
-19994.1
-19992.8
-19991.2
-19989.5
-19988.3
-19987.8
-19988.3
-19989.6
-19991.5
-19993
-19994.2
-19994.6
-19994.1
-19992.7
-19991
-19989.5
-19988.4
-19988.1
-19988.5
-19989.8
-19991.5
-19993.3
-19994.4
-19994.6
-19994.1
-19992.8
-19991.3
-19989.5
-19988.3
-19988
-19988.5
-19990
-19991.3
-19992.9
-19993.9
-19994.4
-19993.9
-19992.6
-19991.1
-19989.3
-19988.2
-19987.9
-19988.4
-19989.7
-19991.6
-19993.4
-19994.6
-19994.9
-19994.1
-19992.7
-19990.9
-19989.4
-19988.1
-19987.9
-19988.7
-19989.9
-19991.6
-19993.3
-19994.5
-19994.7
-19994
-19992.6
-19990.7
-19989.2
-19988
-19987.9
-19988.7
-19990
-19991.5
-19993.1
-19994.2
-19994.6
-19993.8
-19992.6
-19990.9
-19989.4
-19988.5
-19988.1
-19988.8
-19990.2
-19992
-19993.4
-19994.3
-19994.5
-19993.8
-19992.5
-19990.9
-19989.2
-19988.3
-19988.1
-19988.5
-19989.8
-19991.7
-19992.9
-19994.1
-19994.3
-19993.7
-19992.4
-19990.8
-19989.2
-19988.4
-19988.3
-19989
-19990.3
-19991.8
-19993.3
-19994.3
-19994.4
-19993.8
-19992.6
-19991
-19989.3
-19988.2
-19988.3
-19988.9
-19990.3
-19991.8
-19993.1
-19994.1
-19994.3
-19993.7
-19992.5
-19990.9
