6.4
6.3
7.5
8.5
9.4
12.3
13.1
13.2
11.8
9.4
9.5
5.8
7.3
6.6
9.2
8.4
10.5
12.4
13
11.7
11.9
10.2
7.2
6.9
7.3
7.6
7.5
11
11.2
12.4
13.2
12.6
12
10.9
9
7.4
7.3
6.4
8.4
10.5
12.7
13.4
22.939
22.9364
22.9375
22.938
22.942
22.9362
22.9371
22.9403
22.9406
22.9387
22.9399
22.9382
22.9359
22.9374
22.9411
22.9384
22.9416
22.9403
22.9419
22.9414
22.9444
22.9411
22.9417
22.9377
22.9408
22.9407
22.9407
22.9371
22.9395
22.9379
22.94
22.9389
22.9414
22.9396
22.9396
22.9366
22.9403
22.9398
22.9393
22.9352
22.9363
22.936
22.9385
22.9393
22.9412
22.9368
22.9378
22.9358
22.9373
22.94
22.9395
22.9352
22.9351
22.9416
22.9431
22.9421
22.9425
22.9419
22.9415
22.9399
22.9414
22.9421
22.9406
22.9401
22.9387
22.9405
22.9424
22.9417
22.9396
22.9397
22.9382
22.9389
22.9389
22.9351
22.9369
22.9378
22.935
22.9403
22.9363
22.9373
22.9391
22.9386
22.938
22.939
22.9368
22.938
22.9372
22.9374
22.9385
22.9414
22.944
22.9408
22.9386
22.9426
22.9414
22.939
22.9393
22.9379
22.9382
22.9438
22.9368
22.9378
22.9409
22.9409
22.9416
22.9401
22.9396
22.9392
22.9383
22.9386
22.9395
22.9398
22.9357
22.9382
22.9394
22.9386
22.9391
22.9426
22.9403
22.9371
22.9359
22.9389
22.9392
22.9395
22.9369
22.9395
22.9417
22.9385
22.9425
22.943
22.9396
22.9389
22.939
22.94
22.9373
22.9393
22.939
22.9371
22.9389
22.9393
22.9418
22.9401
22.938
22.9365
22.9366
22.9366
22.9397
22.9375
22.9378
22.9392
22.9393
22.942
22.9433
22.9384
22.9385
22.941
22.9405
22.9383
22.9412
22.9407
22.9389
22.9394
22.94
22.941
22.9409
22.9412
22.9394
22.9397
22.9396
22.9399
22.9387
22.9373
22.9371
22.9369
22.9353
22.9396
22.94
22.9382
22.9376
22.9398
22.938
22.9369
22.937
22.9387
22.9354
22.9381
22.938
22.9418
22.9447
22.9434
22.9399
22.9389
22.9395
22.9389
22.9397
22.9404
22.9384
22.942
22.9403
22.9405
22.9424
22.9419
22.9402
22.9393
22.9385
22.9379
22.9402
22.9379
22.9377
22.9392
22.9388
22.9407
22.9401
22.9387
22.9366
22.9387
22.9384
22.9388
22.9385
22.9384
22.9403
22.9411
22.942
22.9408
22.9426
22.9431
22.939
22.941
22.9423
22.9404
22.9381
22.9405
22.94
22.9384
22.9397
22.9391
22.9405
22.9392
22.9377
22.9392
22.9398
22.9374
22.939
22.9377
22.9354
22.9369
22.9397
22.9371
22.9403
22.9413
22.9406
22.9373
22.9382
22.9395
22.9405
22.9389
22.9378
22.9406
22.9428
22.9408
22.9408
22.9436
22.9424
22.9386
22.937
22.9401
22.9411
22.9387
22.9389
22.939
22.9404
22.9408
22.9401
22.9395
22.9381
22.9383
22.94
22.9373
22.9374
22.9386
22.9377
22.9398
22.9389
22.9407
22.9409
22.939
22.9385
22.9392
22.9388
22.9359
22.937
22.9391
22.9398
22.9394
22.939
22.9406
22.9427
22.9405
22.9379
22.9395
22.9389
22.9398
22.9383
22.9397
22.94
22.9389
22.9393
22.9404
22.942
22.9416
22.9398
22.9389
22.9382
22.9392
22.9404
22.9386
22.9351
22.939
22.9376
22.9377
22.9404
22.9392
22.9373
22.9396
22.938
22.9382
22.9365
22.9387
22.9377
22.9399
22.9377
22.9425
22.9433
22.9435
22.9384
22.9409
22.9407
22.9401
22.9379
22.939
22.9392
22.9414
22.9383
22.9432
22.9413
22.9412
22.9389
22.942
22.9362
22.9394
22.9397
22.9394
22.9374
22.9385
22.9397
22.9407
22.9398
22.9392
22.9357
22.9388
22.9381
22.9395
22.9392
22.9387
22.9379
22.9388
22.9391
22.9421
22.9441
22.942
22.9386
22.9406
22.9395
22.9406
22.9435
22.9378
22.9358
22.9402
22.9392
22.9403
22.9408
22.9393
22.9382
22.9393
22.9382
22.9406
22.9391
22.935
22.938
22.94
22.9422
22.9421
22.9397
22.9391
22.939
22.9378
22.9417
22.9373
22.9356
22.9373
22.9369
22.9378
22.9393
22.94
22.9425
22.9375
22.9349
22.9376
22.9412
22.9372
22.9366
22.9363
22.9355
22.9412
22.9428
22.9386
22.9405
22.9406
22.9402
22.9387
22.9387
22.9391
22.9405
22.9385
22.939
22.9413
22.9401
22.943
22.9432
22.9418
22.9398
22.9387
22.9382
22.9405
22.9398
22.9373
22.9365
22.939
22.9413
22.9403
22.9389
22.9405
22.9377
22.9385
22.9385
22.9379
22.9378
22.938
22.9359
22.9401
22.9414
22.9409
22.9412
22.9387
22.9374
22.9412
22.9383
22.9383
22.9404
22.9355
22.9357
22.941
22.9408
22.9413
22.9383
22.9369
22.9374
22.9386
22.9382
22.9378
22.9354
22.9349
22.9384
22.9411
22.9408
22.9408
22.9417
22.9411
22.9409
22.9405
22.9409
22.9391
22.9399
22.9397
22.9388
22.9392
22.9388
22.9369
22.9386
22.9393
22.9388
22.938
22.9381
22.9343
22.939
22.9376
22.9353
22.9383
22.9392
22.9396
22.9426
22.9416
22.9404
22.9409
22.9393
22.9401
22.9392
22.9355
22.9394
22.9403
22.9392
22.9392
22.941
22.9417
22.9387
22.9359
22.9376
22.9373
22.9375
22.9403
22.9391
22.9398
22.942
22.9388
22.9404
22.9402
22.9385
22.9381
22.9393
22.936
22.9397
22.9428
22.9392
22.9353
22.9379
22.9405
22.9415
22.9399
22.9392
22.9374
22.9391
22.9395
22.9419
22.9371
22.9317
22.9378
22.9397
22.9372
22.9405
22.9417
22.9384
22.9359
22.9389
22.9394
22.9371
22.9357
22.9366
22.9393
22.9398
22.9425
22.9427
22.9417
22.9386
22.9394
22.9386
22.9396
22.9384
22.936
22.9378
22.9407
22.9403
22.9404
22.9407
22.941
22.9369
22.939
22.9404
22.9401
22.9377
22.9382
22.9372
22.9409
22.9407
22.9393
22.941
22.9401
22.9387
22.9401
22.9386
22.9364
22.9393
22.9397
22.9353
22.9399
22.9398
22.9412
22.9405
22.9391
22.9382
22.9416
22.9392
22.9368
22.9373
22.939
22.9378
22.9398
22.9378
22.9406
22.9399
22.9423
22.9391
22.9401
22.939
22.9369
22.9365
22.9414
22.9368
22.9422
22.9387
22.94
22.9414
22.9419
22.9383
22.9404
22.9366
22.939
22.9385
22.9388
22.9367
22.9391
22.9386
22.9405
22.9405
22.9428
22.9385
22.9353
22.9385
22.9409
22.9377
22.9409
22.9392
22.9388
22.9373
22.942
22.9437
22.9411
22.9394
22.9386
22.9398
22.9397
22.9378
22.9409
22.9372
22.9376
22.9402
22.9411
22.9404
22.9412
22.9405
22.9376
22.9377
22.9402
22.9365
22.938
22.9372
22.9386
22.9369
22.942
22.9403
22.9384
22.9379
22.9401
22.9374
22.9419
22.9372
22.936
22.9375
22.9392
22.9404
22.9441
22.9378
22.9397
22.94
22.9409
22.9381
22.9427
22.9367
22.9387
22.9409
22.9405
22.941
22.9418
22.94
22.942
22.9406
22.9413
22.9384
22.94
22.9403
22.9392
22.9391
22.94
22.9397
22.9393
22.9384
22.9392
22.9417
22.9394
22.9348
22.9362
22.9395
22.9357
22.9393
22.9399
22.9346
22.9402
22.9413
22.9391
22.9403
22.9389
22.9376
22.939
22.9393
22.9399
22.9416
22.9377
22.9391
22.9426
22.9417
22.9412
22.94
22.9382
22.9372
22.9378
22.9396
22.9397
22.9387
22.9376
22.9367
22.9398
22.943
22.9384
22.9396
22.9399
22.9377
22.9389
22.9399
22.9363
22.9389
22.939
22.9397
22.9405
22.9415
22.9401
22.9415
22.9391
22.9398
22.939
22.938
22.9379
22.9414
22.9372
22.9387
22.9432
22.9421
22.9387
22.9373
22.9395
22.9384
22.9356
22.9372
22.9369
22.9386
22.9383
22.9381
22.9402
22.9418
22.939
22.9379
22.9387
22.9363
22.9383
22.9409
22.9413
22.9399
22.937
22.9396
22.9433
22.9424
22.9383
22.9413
22.938
22.9385
22.9395
22.9403
22.9355
22.9352
22.9363
22.938
22.9389
22.9393
22.9388
22.9399
22.9366
22.9401
22.9363
22.935
22.9389
22.9367
22.9372
22.9412
22.9416
22.9418
22.9391
22.9409
22.9404
22.9395
22.9369
22.9376
22.9378
22.9356
22.9412
22.942
22.9392
22.9394
22.9412
22.9405
22.9399
22.9376
22.9397
22.9386
22.9367
22.9426
22.9368
22.9384
22.9427
22.9412
22.9386
22.9411
22.9379
22.9381
22.939
22.9362
22.9385
22.9414
22.9374
22.9414
22.9382
22.9409
22.9434
22.9398
22.9376
22.9404
22.9378
22.9404
22.9395
22.9392
22.9364
22.9399
22.9417
22.9412
22.9381
22.9409
22.9405
22.9363
22.9387
22.9417
22.9355
22.9363
22.936
22.9379
22.9393
22.94
22.9391
22.9406
22.936
22.9424
22.9387
22.9376
22.9387
22.9399
22.9404
22.941
22.9417
22.9431
22.9397
22.939
22.9403
22.9419
22.9369
22.9386
22.9375
22.9401
22.9406
22.9409
22.9412
22.9407
22.9399
22.9397
22.9404
22.9393
22.9424
22.9388
22.9382
22.9404
22.9408
22.9409
22.9389
22.9396
22.9415
22.9382
22.9379
22.9394
22.9389
22.9372
22.94
22.9378
22.9392
22.9387
22.9387
22.9413
22.9417
22.9394
22.9396
22.9387
22.939
22.94
22.9378
22.9367
22.9419
22.9407
22.942
22.9406
22.9428
22.9411
22.9392
22.9395
22.9404
22.9367
22.9367
22.9379
22.9415
22.9395
22.9393
22.9367
22.9411
22.9396
22.9402
22.9369
22.9373
22.9368
22.9404
22.9413
22.9433
22.9387
22.9432
22.9417
22.9422
22.9389
22.9406
22.9382
22.9405
22.9371
22.9393
22.9406
22.9384
22.9363
22.939
22.9387
22.9398
22.9393
22.9387
22.9353
22.9384
22.9413
22.9411
22.9366
22.9374
22.939
22.9415
22.9412
22.9413
22.9409
22.9362
22.9373
22.9402
22.9392
22.939
22.9395
22.9376
22.9369
22.9422
22.9423
22.9425
22.9393
22.9377
22.9378
22.9393
22.9403
22.9392
22.9349
22.9371
22.9404
22.9427
22.9394
22.9398
22.9393
22.9393
22.9352
22.9412
22.9403
22.9342
22.9345
22.9394
22.9387
22.9414
22.9386
22.9391
22.939
22.9379
22.9371
22.9415
22.9375
22.9335
22.9388
22.9406
22.9416
22.9419
22.9395
22.9404
22.9399
22.9411
22.9408
22.9381
22.939
22.9396
22.941
22.9415
22.9391
22.9394
22.9428
22.9386
22.9408
22.9394
22.9373
22.9354
22.9387
22.9378
22.9366
22.9365
22.9327
22.9368
22.9414
22.9373
22.9386
22.9346
22.9363
22.936
22.9355
22.9398
22.9391
22.9374
22.9399
22.945
22.9425
22.9403
22.9403
22.9419
22.9395
22.9379
22.939
22.9407
22.937
22.9388
22.9376
22.9396
22.9409
22.9392
22.9358
22.9398
22.9368
22.9384
22.9385
22.9375
22.9372
22.9399
22.9381
22.9412
22.9404
22.9387
22.9389
22.9401
22.9368
22.9381
22.9361
22.9371
22.94
22.9371
22.9382
22.9401
