"""7201""",2022/2/28 12:00,0.914407553,5,0.610261946,0.603326679,0.270881334,0.482124696,1.213588625,0.75300603,7
"""7202""",2022/2/28 13:00,0.93666855,5,0.20698779,0.26931753,0.660010974,0.459316741,0.47630532,1.119327715,7
"""7203""",2022/2/28 14:00,0.956639337,8,0.383214129,0.628520858,0.527448172,0.562906209,1.011734987,1.09035438,7
"""7204""",2022/2/28 15:00,0.94065063,7,0.27617654,0.058236626,0.578694202,0.54721577,0.334413166,1.125909973,7
"""7205""",2022/2/28 16:00,0.953740215,5,0.372324412,0.170046367,0.63586033,0.540321676,0.542370778,1.176182006,7
"""7206""",2022/2/28 17:00,0.954327711,6,0.591676962,0.496502399,0.174598243,0.430752687,1.088179362,0.60535093,7
"""7207""",2022/2/28 18:00,0.921725226,8,0.660700619,0.608401552,0.269454231,0.563632911,1.269102171,0.833087143,7
"""7208""",2022/2/28 19:00,0.923192673,6,0.608332538,0.481294225,0.30705553,0.500869693,1.089626763,0.807925223,7
"""7209""",2022/2/28 20:00,0.942436012,5,0.532803913,0.522576571,0.542000288,0.33702211,1.055380483,0.879022398,7
"""7210""",2022/2/28 21:00,0.945325662,7,0.025276551,0.299762923,0.521320323,0.577153082,0.325039474,1.098473406,7
"""7211""",2022/2/28 22:00,0.958816235,6,0.562500765,0.62927498,0.253566997,0.432623806,1.191775745,0.686190803,7
"""7212""",2022/2/28 23:00,0.905755632,9,0.664845106,0.471654578,0.377760191,0.573956232,1.136499684,0.951716423,7
"""7213""",2022/3/1 0:00,0.957722652,5,0.536713771,0.408731112,0.637548291,0.508208958,0.945444883,1.145757249,7
"""7214""",2022/3/1 1:00,0.937241466,6,0.179558882,0.099683224,0.526574323,0.482526393,0.279242107,1.009100716,7
"""7215""",2022/3/1 2:00,0.911528495,7,0.65843533,0.474749953,0.507745765,0.271484341,1.133185283,0.779230106,7
"""7216""",2022/3/1 3:00,0.933109093,6,0.629138186,0.473784641,0.465714212,0.320235964,1.102922827,0.785950176,7
"""7217""",2022/3/1 4:00,0.915551596,5,0.142404588,0.180628234,0.570624135,0.520739161,0.323032822,1.091363296,7
"""7218""",2022/3/1 5:00,0.929811185,7,0.533589797,0.603425863,0.27706652,0.081440824,1.13701566,0.358507344,7
"""7219""",2022/3/1 6:00,0.94576299,9,0.622030816,0.474801201,0.206220452,0.497629449,1.096832017,0.703849901,7
"""7220""",2022/3/1 7:00,0.939962718,6,0.529378343,0.655993073,0.265228709,0.392761425,1.185371416,0.657990134,7
"""7221""",2022/3/1 8:00,0.946104953,9,0.566749317,0.636276829,0.644715588,0.084068366,1.203026145,0.728783953,7
"""7222""",2022/3/1 9:00,0.937508754,7,0.406208765,0.280381091,0.584381315,0.644275291,0.686589856,1.228656605,7
"""7223""",2022/3/1 10:00,0.935153684,6,0.090463738,0.637415613,0.592339221,0.475901336,0.727879351,1.068240557,7
"""7224""",2022/3/1 11:00,0.917577391,9,0.601087777,0.412267888,0.420878189,0.366456258,1.013355664,0.787334447,7
"""7225""",2022/3/1 12:00,0.925831655,5,0.513722002,0.633771768,0.477549116,0.464106328,1.147493771,0.941655444,7
"""7226""",2022/3/1 13:00,0.928107702,5,0.032978122,0.00257461,0.458980309,0.587442416,0.035552732,1.046422725,7
"""7227""",2022/3/1 14:00,0.925229801,5,0.658936982,0.409434701,0.260469553,0.150443168,1.068371683,0.410912721,7
"""7228""",2022/3/1 15:00,0.92089656,7,0.033618528,0.554994818,0.598282705,0.453314651,0.588613345,1.051597356,7
"""7229""",2022/3/1 16:00,0.953888431,8,0.633940663,0.375642999,0.568330807,0.202665067,1.009583662,0.770995873,7
"""7230""",2022/3/1 17:00,0.95058806,6,0.018679421,0.048693686,0.445188408,0.659869865,0.067373107,1.105058274,7
"""7231""",2022/3/1 18:00,0.910301025,7,0.578991035,0.196833002,0.597529485,0.519938775,0.775824037,1.117468261,7
"""7232""",2022/3/1 19:00,0.95222792,5,0.539414452,0.594859372,0.333833927,0.117053875,1.134273824,0.450887802,7
"""7233""",2022/3/1 20:00,0.902180178,9,0.440555062,0.153824609,0.461417779,0.614773179,0.594379671,1.076190958,7
"""7234""",2022/3/1 21:00,0.916088671,8,0.476921071,0.463717765,0.422799421,0.6314948,0.940638836,1.054294221,7
"""7235""",2022/3/1 22:00,0.951904574,6,0.655407744,0.219398714,0.536387918,0.536538273,0.874806458,1.072926191,7
"""7236""",2022/3/1 23:00,0.92080653,6,0.102356045,0.05240481,0.557120562,0.527523854,0.154760854,1.084644416,7
"""7237""",2022/3/2 0:00,0.920416867,5,0.549764804,0.609834869,0.525907614,0.602060413,1.159599673,1.127968027,7
"""7238""",2022/3/2 1:00,0.949471242,5,0.5383821,0.61655639,0.11463193,0.40047214,1.154938489,0.51510407,7
"""7239""",2022/3/2 2:00,0.915517479,8,0.497794629,0.44653116,0.395870442,0.613643829,0.944325789,1.009514271,7
"""7240""",2022/3/2 3:00,0.938287047,7,0.567723123,0.437880909,0.623196575,0.367091047,1.005604032,0.990287623,7
"""7241""",2022/3/2 4:00,0.937784992,9,0.099115749,0.419008694,0.412430605,0.59443966,0.518124443,1.006870264,7
"""7242""",2022/3/2 5:00,0.912231296,5,0.450713314,0.550527368,0.34116814,0.642718425,1.001240682,0.983886565,7
"""7243""",2022/3/2 6:00,0.904008159,8,0.534618955,0.573185287,0.090353065,0.072583635,1.107804242,0.1629367,7
"""7244""",2022/3/2 7:00,0.95116954,7,0.451093523,0.639905041,0.20476988,0.301217664,1.090998563,0.505987544,7
"""7245""",2022/3/2 8:00,0.915085576,8,0.597132487,0.501016714,0.438517943,0.509682705,1.098149201,0.948200648,7
"""7246""",2022/3/2 9:00,0.923104699,7,0.531395662,0.569294829,0.261663746,0.196123159,1.100690491,0.457786905,7
"""7247""",2022/3/2 10:00,0.91566093,7,0.630629325,0.553423721,0.339878548,0.587169828,1.184053046,0.927048376,7
"""7248""",2022/3/2 11:00,0.908539446,7,0.154241069,0.108789301,0.504530146,0.592912726,0.263030369,1.097442872,7
"""7249""",2022/3/2 12:00,0.910918879,6,0.14796581,0.647207197,0.453805307,0.577162981,0.795173008,1.030968288,7
"""7250""",2022/3/2 13:00,0.916609634,8,0.56189967,0.574333374,0.431205591,0.568293201,1.136233044,0.999498792,7
"""7251""",2022/3/2 14:00,0.902990112,5,0.509190174,0.645300011,0.355498898,0.660474788,1.154490185,1.015973686,7
"""7252""",2022/3/2 15:00,0.927125945,5,0.236400947,0.171836132,0.577488845,0.494869817,0.408237079,1.072358662,7
"""7253""",2022/3/2 16:00,0.950233898,5,0.631428059,0.403801639,0.294003695,0.38865333,1.035229698,0.682657025,7
"""7254""",2022/3/2 17:00,0.918307483,5,0.23536561,0.413747865,0.658771842,0.383893657,0.649113474,1.042665499,7
"""7255""",2022/3/2 18:00,0.931241389,6,0.629813154,0.527743059,0.576748466,0.099985347,1.157556214,0.676733813,7
"""7256""",2022/3/2 19:00,0.928495658,8,0.036870389,0.407242917,0.543452294,0.589501942,0.444113306,1.132954235,7
"""7257""",2022/3/2 20:00,0.902874769,5,0.595646816,0.455789985,0.503216053,0.319085223,1.051436801,0.822301275,7
"""7258""",2022/3/2 21:00,0.926192412,5,0.117937817,0.626264202,0.654317785,0.585962248,0.744202019,1.240280033,7
"""7259""",2022/3/2 22:00,0.907412303,5,0.552266776,0.500408602,0.546559824,0.074696845,1.052675378,0.621256669,7
"""7260""",2022/3/2 23:00,0.910669456,5,0.533707751,0.546024785,0.186998418,0.454989655,1.079732536,0.641988073,7
"""7261""",2022/3/3 0:00,0.94406253,5,0.613928358,0.617660658,0.069388673,0.188575978,1.231589016,0.257964651,7
"""7262""",2022/3/3 1:00,0.934355807,5,0.571169421,0.654687137,0.546529429,0.149861869,1.225856559,0.696391298,7
"""7263""",2022/3/3 2:00,0.945905427,9,0.44465792,0.102036275,0.388401469,0.62825676,0.546694195,1.01665823,7
"""7264""",2022/3/3 3:00,0.932298905,8,0.637249113,0.193101385,0.441497501,0.58951665,0.830350498,1.031014151,7
"""7265""",2022/3/3 4:00,0.903335511,7,0.644497354,0.067073741,0.54406617,0.466653282,0.711571095,1.010719453,7
"""7266""",2022/3/3 5:00,0.919490044,5,0.591576849,0.477505587,0.022740025,0.638039314,1.069082436,0.660779339,7
"""7267""",2022/3/3 6:00,0.947500874,8,0.210876737,0.647841728,0.470004092,0.658968329,0.858718466,1.128972421,7
"""7268""",2022/3/3 7:00,0.915231437,9,0.393603006,0.353617246,0.515495128,0.501834438,0.747220252,1.017329566,7
"""7269""",2022/3/3 8:00,0.950022079,6,0.266101387,0.57082289,0.628958617,0.379502622,0.836924278,1.008461239,7
"""7270""",2022/3/3 9:00,0.947697031,6,0.39210557,0.655416515,0.209105472,0.582276123,1.047522085,0.791381595,7
"""7271""",2022/3/3 10:00,0.932311955,6,0.561887691,0.606224774,0.300485422,0.403149135,1.168112465,0.703634557,7
"""7272""",2022/3/3 11:00,0.93666178,6,0.43678928,0.339254322,0.644401878,0.4833277,0.776043601,1.127729578,7
"""7273""",2022/3/3 12:00,0.910034348,5,0.451423297,0.566271968,0.113862483,0.515218493,1.017695266,0.629080976,7
"""7274""",2022/3/3 13:00,0.935503626,5,0.625914727,0.500096869,0.532490765,0.156989295,1.126011596,0.689480061,7
"""7275""",2022/3/3 14:00,0.928103736,5,0.35434393,0.581343514,0.651252585,0.563638604,0.935687444,1.214891189,7
"""7276""",2022/3/3 15:00,0.948345914,5,0.629396157,0.200999451,0.661461481,0.626407867,0.830395607,1.287869348,7
"""7277""",2022/3/3 16:00,0.90314784,5,0.663333966,0.646735569,0.143689292,0.55360731,1.310069534,0.697296603,7
"""7278""",2022/3/3 17:00,0.917466648,6,0.620359263,0.260929213,0.655748084,0.362017083,0.881288476,1.017765166,7
"""7279""",2022/3/3 18:00,0.901808114,8,0.563303693,0.606433184,0.1183032,0.59278358,1.169736878,0.71108678,7
"""7280""",2022/3/3 19:00,0.915042986,8,0.559521318,0.655112806,0.075969526,0.152153609,1.214634125,0.228123135,7
"""7281""",2022/3/3 20:00,0.919856245,9,0.566477417,0.454166095,0.209259263,0.365114527,1.020643512,0.57437379,7
"""7282""",2022/3/3 21:00,0.927558355,5,0.592220334,0.633314549,0.344185742,0.003447454,1.225534882,0.347633197,7
"""7283""",2022/3/3 22:00,0.946596908,6,0.440575743,0.62093634,0.050707304,0.325440391,1.061512083,0.376147695,7
"""7284""",2022/3/3 23:00,0.908225157,6,0.666203516,0.438726411,0.158709212,0.083291109,1.104929928,0.24200032,7
"""7285""",2022/3/4 0:00,0.928009873,6,0.380188293,0.664612616,0.228068394,0.369662271,1.044800909,0.597730665,7
"""7286""",2022/3/4 1:00,0.917567365,8,0.102904783,0.260257926,0.615828137,0.469988483,0.363162709,1.08581662,7
"""7287""",2022/3/4 2:00,0.904842755,9,0.576469446,0.480191373,0.533454258,0.408698259,1.056660819,0.942152517,7
"""7288""",2022/3/4 3:00,0.915093141,6,0.056056749,0.436054226,0.50307919,0.568733574,0.492110975,1.071812764,7
"""7289""",2022/3/4 4:00,0.943801075,7,0.092984776,0.481482313,0.476699257,0.623804731,0.574467089,1.100503988,7
"""7290""",2022/3/4 5:00,0.940505875,6,0.199721638,0.222802843,0.497655979,0.584379098,0.422524481,1.082035077,7
"""7291""",2022/3/4 6:00,0.946963551,5,0.184183618,0.18354828,0.472301304,0.551597491,0.367731898,1.023898795,7
"""7292""",2022/3/4 7:00,0.936763485,6,0.449749073,0.052789179,0.506967614,0.652641616,0.502538253,1.15960923,7
"""7293""",2022/3/4 8:00,0.928603611,6,0.610370071,0.512009024,0.025790942,0.281929014,1.122379095,0.307719956,7
"""7294""",2022/3/4 9:00,0.945675487,5,0.187481288,0.54067681,0.535306745,0.578200394,0.728158097,1.11350714,7
"""7295""",2022/3/4 10:00,0.954979481,5,0.47568345,0.267014506,0.548992491,0.548502031,0.742697956,1.097494523,7
"""7296""",2022/3/4 11:00,0.944721137,5,0.399053243,0.437274915,0.49922859,0.533106011,0.836328158,1.032334601,7
"""7297""",2022/3/4 12:00,0.928130175,7,0.662454211,0.452549716,0.645432713,0.642649607,1.115003927,1.288082321,7
"""7298""",2022/3/4 13:00,0.92127658,7,0.554615895,0.595527551,0.191527712,0.40357414,1.150143446,0.595101852,7
"""7299""",2022/3/4 14:00,0.932911648,7,0.307772744,0.123484713,0.445534365,0.574980309,0.431257457,1.020514674,7
"""7300""",2022/3/4 15:00,0.946410318,7,0.634838091,0.487454838,0.151558563,0.464075186,1.12229293,0.615633749,7
"""7301""",2022/3/4 16:00,0.922021413,8,0.520234417,0.065666648,0.585930823,0.451564775,0.585901066,1.037495598,7
"""7302""",2022/3/4 17:00,0.926849303,6,0.203535169,0.053181602,0.63264043,0.435820376,0.256716771,1.068460805,7
"""7303""",2022/3/4 18:00,0.922883484,6,0.623865197,0.072374895,0.580330868,0.434755512,0.696240091,1.01508638,7
"""7304""",2022/3/4 19:00,0.949486703,6,0.573104331,0.650142645,0.554639334,0.053237876,1.223246976,0.607877209,7
"""7305""",2022/3/4 20:00,0.95505228,6,0.449642175,0.095867118,0.466364065,0.598684471,0.545509293,1.065048536,7
"""7306""",2022/3/4 21:00,0.956708911,5,0.623862144,0.509046075,0.383813832,0.369996228,1.132908218,0.753810059,7
"""7307""",2022/3/4 22:00,0.913114934,8,0.087851066,0.533351743,0.60204296,0.60344101,0.62120281,1.20548397,7
"""7308""",2022/3/4 23:00,0.94777002,6,0.562911767,0.519547731,0.130499476,0.208903105,1.082459498,0.339402581,7
"""7309""",2022/3/5 0:00,0.94216793,5,0.595844089,0.424833175,0.566185962,0.476943615,1.020677264,1.043129577,7
"""7310""",2022/3/5 1:00,0.907324676,7,0.487072504,0.520670431,0.628822662,0.367050894,1.007742935,0.995873556,7
"""7311""",2022/3/5 2:00,0.931105959,7,0.565553325,0.072284794,0.492718514,0.537741349,0.637838118,1.030459863,7
"""7312""",2022/3/5 3:00,0.955435437,5,0.657294685,0.601651143,0.041054069,0.133912982,1.258945828,0.174967051,7
"""7313""",2022/3/5 4:00,0.948221363,8,0.24974529,0.031926546,0.533091321,0.492234504,0.281671835,1.025325825,7
"""7314""",2022/3/5 5:00,0.943410393,8,0.332904891,0.442139161,0.578698004,0.589774822,0.775044052,1.168472826,7
"""7315""",2022/3/5 6:00,0.937260198,5,0.132830041,0.338119981,0.578417357,0.478710338,0.470950023,1.057127695,7
"""7316""",2022/3/5 7:00,0.939338985,6,0.588607854,0.498160714,0.17648872,0.563555577,1.086768568,0.740044297,7
"""7317""",2022/3/5 8:00,0.919514581,8,0.562900472,0.615225594,0.255595516,0.106806115,1.178126067,0.362401631,7
"""7318""",2022/3/5 9:00,0.950199495,5,0.410305015,0.60488211,0.532015103,0.30492252,1.015187125,0.836937623,7
"""7319""",2022/3/5 10:00,0.956840623,8,0.479618654,0.23514568,0.402204684,0.616357234,0.714764334,1.018561917,7
"""7320""",2022/3/5 11:00,0.908552169,8,0.512518733,0.502645212,0.381859643,0.496135054,1.015163945,0.877994697,7
"""7321""",2022/3/5 12:00,0.937021376,6,0.567341344,0.475822199,0.447706157,0.625804931,1.043163543,1.073511088,7
"""7322""",2022/3/5 13:00,0.934560359,5,0.137719171,0.579294453,0.484423434,0.556834277,0.717013623,1.041257711,7
"""7323""",2022/3/5 14:00,0.90361966,8,0.629586836,0.61007416,0.597857476,0.061624062,1.239660996,0.659481538,7
"""7324""",2022/3/5 15:00,0.944203903,6,0.224144109,0.569437095,0.515178403,0.510543346,0.793581204,1.025721749,7
"""7325""",2022/3/5 16:00,0.948299254,5,0.401466967,0.545887884,0.623247582,0.406090807,0.947354851,1.029338389,7
"""7326""",2022/3/5 17:00,0.907203738,8,0.551435749,0.5822732,0.623985815,0.118849526,1.133708949,0.742835342,7
"""7327""",2022/3/5 18:00,0.955114745,8,0.575370318,0.520777647,0.384699692,0.315825682,1.096147965,0.700525374,7
"""7328""",2022/3/5 19:00,0.922528062,6,0.090743493,0.643486259,0.572412683,0.584939035,0.734229752,1.157351718,7
"""7329""",2022/3/5 20:00,0.943538619,7,0.10563615,0.618732916,0.626206621,0.554247087,0.724369066,1.180453708,7
"""7330""",2022/3/5 21:00,0.905450819,5,0.585871546,0.601766464,0.315631711,0.467009545,1.18763801,0.782641256,7
"""7331""",2022/3/5 22:00,0.908014772,8,0.628468296,0.579607014,0.652758571,0.086487112,1.20807531,0.739245683,7
"""7332""",2022/3/5 23:00,0.952449153,8,0.180328279,0.190424403,0.621932666,0.422055056,0.370752682,1.043987722,7
"""7333""",2022/3/6 0:00,0.920210558,5,0.656918182,0.577193275,0.559174152,0.110108851,1.234111458,0.669283003,7
"""7334""",2022/3/6 1:00,0.905273883,5,0.485006255,0.476887857,0.66520381,0.551585867,0.961894112,1.216789677,7
"""7335""",2022/3/6 2:00,0.908115171,8,0.56094269,0.453772065,0.06661459,0.174691595,1.014714755,0.241306185,7
"""7336""",2022/3/6 3:00,0.938460535,5,0.64162992,0.453632501,0.293736312,0.629674591,1.095262421,0.923410903,7
"""7337""",2022/3/6 4:00,0.91115051,8,0.658053159,0.500380082,0.093206915,0.008622916,1.158433241,0.101829832,7
"""7338""",2022/3/6 5:00,0.924259336,6,0.184704651,0.266388365,0.375360723,0.626182152,0.451093017,1.001542876,7
"""7339""",2022/3/6 6:00,0.953056687,5,0.620567658,0.444931034,0.56254914,0.663598126,1.065498692,1.226147266,7
"""7340""",2022/3/6 7:00,0.956666576,7,0.635056091,0.525796514,0.562639713,0.173249613,1.160852604,0.735889326,7
"""7341""",2022/3/6 8:00,0.956401176,6,0.590425078,0.549697186,0.214888242,0.491852461,1.140122264,0.706740703,7
"""7342""",2022/3/6 9:00,0.928615741,6,0.001973323,0.381734388,0.650063089,0.379316591,0.383707712,1.02937968,7
"""7343""",2022/3/6 10:00,0.947625667,6,0.409015524,0.009090331,0.520898115,0.55233057,0.418105855,1.073228685,7
"""7344""",2022/3/6 11:00,0.944716191,5,0.031779039,0.076667784,0.445090747,0.560054893,0.108446823,1.00514564,7
"""7345""",2022/3/6 12:00,0.946158243,6,0.5203202,0.625760703,0.408560213,0.125688567,1.146080903,0.53424878,7
"""7346""",2022/3/6 13:00,0.90046138,6,0.096401034,0.259404362,0.626581727,0.380313383,0.355805396,1.00689511,7
"""7347""",2022/3/6 14:00,0.907803128,6,0.57954119,0.484166926,0.132058726,0.394298224,1.063708116,0.52635695,7
"""7348""",2022/3/6 15:00,0.925422166,5,0.620390373,0.408455537,0.171402996,0.12268095,1.028845911,0.294083946,7
"""7349""",2022/3/6 16:00,0.931630753,6,0.514752119,0.613266748,0.343488833,0.130776291,1.128018868,0.474265124,7
"""7350""",2022/3/6 17:00,0.943263197,6,0.56893872,0.465470794,0.563786687,0.665196593,1.034409514,1.22898328,7
"""7351""",2022/3/6 18:00,0.912060628,5,0.641021644,0.171321351,0.635671289,0.601922286,0.812342995,1.237593575,7
"""7352""",2022/3/6 19:00,0.931351614,9,0.609951483,0.559263572,0.490993975,0.547880966,1.169215055,1.038874941,7
"""7353""",2022/3/6 20:00,0.943309096,6,0.13583267,0.134316309,0.619736817,0.540883914,0.270148978,1.160620731,7
"""7354""",2022/3/6 21:00,0.903527232,5,0.125980163,0.582000756,0.527763866,0.666089443,0.707980919,1.193853308,7
"""7355""",2022/3/6 22:00,0.943114422,7,0.147607552,0.019024772,0.633907792,0.410946344,0.166632324,1.044854136,7
"""7356""",2022/3/6 23:00,0.95555073,7,0.569736279,0.463176159,0.51296966,0.600726291,1.032912438,1.113695951,7
"""7357""",2022/3/7 0:00,0.93644184,7,0.212119057,0.546937052,0.600984446,0.438941983,0.759056109,1.039926429,7
"""7358""",2022/3/7 1:00,0.930206149,6,0.074364304,0.53339224,0.568242195,0.642553332,0.607756544,1.210795527,7
"""7359""",2022/3/7 2:00,0.950880905,5,0.209814626,0.300654433,0.650101924,0.451571459,0.510469059,1.101673383,7
"""7360""",2022/3/7 3:00,0.929785642,6,0.514251856,0.547820054,0.286853229,0.083400374,1.06207191,0.370253603,7
"""7361""",2022/3/7 4:00,0.922131876,5,0.197939929,0.323186416,0.625361565,0.51792256,0.521126345,1.143284125,7
"""7362""",2022/3/7 5:00,0.952765395,5,0.371269555,0.416526335,0.606805915,0.652774455,0.78779589,1.25958037,7
"""7363""",2022/3/7 6:00,0.936552204,5,0.423050614,0.399059215,0.426222703,0.583586335,0.822109829,1.009809038,7
"""7364""",2022/3/7 7:00,0.912649124,5,0.651556059,0.493641593,0.321488486,0.29867591,1.145197652,0.620164396,7
"""7365""",2022/3/7 8:00,0.902383954,7,0.635240671,0.62548339,0.24159129,0.351956795,1.260724061,0.593548085,7
"""7366""",2022/3/7 9:00,0.944621272,5,0.132920752,0.649872611,0.524137225,0.660178818,0.782793364,1.184316043,7
"""7367""",2022/3/7 10:00,0.912287282,9,0.626708043,0.472843274,0.032137024,0.231253717,1.099551317,0.263390742,7
"""7368""",2022/3/7 11:00,0.912775772,7,0.520536747,0.310162811,0.593890249,0.653599316,0.830699559,1.247489564,7
"""7369""",2022/3/7 12:00,0.943305994,5,0.664413729,0.207397063,0.503396348,0.626971481,0.871810791,1.130367829,7
"""7370""",2022/3/7 13:00,0.906966888,5,0.223803953,0.156800733,0.562421302,0.660226957,0.380604686,1.222648258,7
"""7371""",2022/3/7 14:00,0.942338723,7,0.499175587,0.59502611,0.049577924,0.295481276,1.094201697,0.345059199,7
"""7372""",2022/3/7 15:00,0.920399952,8,0.598609746,0.551090796,0.613972762,0.479758304,1.149700542,1.093731066,7
"""7373""",2022/3/7 16:00,0.930843317,5,0.481141364,0.614330253,0.475529368,0.149454781,1.095471617,0.624984149,7
"""7374""",2022/3/7 17:00,0.956605102,5,0.450139498,0.276951373,0.454020951,0.649901544,0.72709087,1.103922496,7
"""7375""",2022/3/7 18:00,0.915226005,8,0.6277687,0.567541873,0.250109781,0.280864489,1.195310573,0.53097427,7
"""7376""",2022/3/7 19:00,0.918246145,7,0.200376217,0.305057071,0.444340171,0.609137046,0.505433289,1.053477216,7
"""7377""",2022/3/7 20:00,0.92718986,5,0.133637772,0.587499099,0.638326981,0.405471433,0.721136871,1.043798414,7
"""7378""",2022/3/7 21:00,0.951113443,6,0.115249922,0.334667736,0.63264734,0.517709492,0.449917658,1.150356832,7
"""7379""",2022/3/7 22:00,0.904015142,5,0.559326675,0.561587381,0.590049052,0.490470608,1.120914056,1.080519661,7
"""7380""",2022/3/7 23:00,0.949822509,7,0.469533599,0.659653516,0.206699693,0.532941322,1.129187116,0.739641015,7
"""7381""",2022/3/8 0:00,0.930183237,7,0.632972978,0.435507822,0.602055212,0.65647466,1.068480799,1.258529871,7
"""7382""",2022/3/8 1:00,0.903458086,7,0.281998973,0.028811903,0.507693496,0.5652001,0.310810876,1.072893597,7
"""7383""",2022/3/8 2:00,0.955130025,5,0.640727563,0.537911039,0.149224202,0.596218302,1.178638602,0.745442504,7
"""7384""",2022/3/8 3:00,0.928074407,5,0.634396483,0.424918874,0.228245116,0.297756519,1.059315357,0.526001635,7
"""7385""",2022/3/8 4:00,0.911745462,9,0.65811348,0.449763416,0.581463438,0.353830228,1.107876897,0.935293666,7
"""7386""",2022/3/8 5:00,0.930663326,8,0.07099508,0.538966138,0.44938479,0.629044163,0.609961218,1.078428953,7
"""7387""",2022/3/8 6:00,0.92141605,7,0.140006985,0.405662632,0.387964243,0.61759166,0.545669617,1.005555903,7
"""7388""",2022/3/8 7:00,0.958973279,6,0.489286369,0.529663991,0.591289564,0.256535519,1.01895036,0.847825083,7
"""7389""",2022/3/8 8:00,0.949827237,5,0.363634135,0.663331612,0.623051148,0.554717465,1.026965746,1.177768613,7
"""7390""",2022/3/8 9:00,0.931717004,5,0.225699639,0.006945608,0.433478227,0.595619339,0.232645248,1.029097565,7
"""7391""",2022/3/8 10:00,0.944381931,6,0.147428288,0.596969575,0.379276812,0.623764738,0.744397863,1.00304155,7
"""7392""",2022/3/8 11:00,0.92602845,5,0.635001582,0.59168506,0.212040134,0.129047305,1.226686642,0.341087438,7
"""7393""",2022/3/8 12:00,0.933637316,5,0.584073385,0.44452889,0.61274225,0.040423596,1.028602276,0.653165846,7
"""7394""",2022/3/8 13:00,0.940951093,5,0.517978215,0.634544838,0.503483401,0.520700232,1.152523054,1.024183633,7
"""7395""",2022/3/8 14:00,0.926429209,5,0.315263742,0.582672429,0.43241682,0.659553584,0.897936171,1.091970405,7
"""7396""",2022/3/8 15:00,0.905216922,9,0.588201714,0.080330231,0.547988159,0.480041488,0.668531945,1.028029647,7
"""7397""",2022/3/8 16:00,0.915104605,6,0.242947716,0.394398591,0.661316226,0.648614121,0.637346307,1.309930347,7
"""7398""",2022/3/8 17:00,0.906103767,7,0.599173855,0.494600284,0.092802819,0.290946411,1.093774139,0.38374923,7
"""7399""",2022/3/8 18:00,0.906224457,6,0.074446763,0.450044483,0.610398825,0.390874125,0.524491245,1.00127295,7
"""7400""",2022/3/8 19:00,0.933786497,9,0.287742233,0.218452517,0.442551695,0.595695814,0.506194751,1.038247509,7
"""7401""",2022/3/8 20:00,0.916530247,8,0.565879925,0.147547265,0.423858831,0.620309245,0.71342719,1.044168076,7
"""7402""",2022/3/8 21:00,0.90082298,7,0.388329552,0.207420144,0.56915676,0.494237714,0.595749696,1.063394474,7
"""7403""",2022/3/8 22:00,0.957134318,6,0.616824625,0.151765858,0.646615544,0.659850972,0.768590483,1.306466516,7
"""7404""",2022/3/8 23:00,0.94805076,6,0.633685708,0.617999717,0.009233098,0.437949184,1.251685425,0.447182282,7
"""7405""",2022/3/9 0:00,0.952667896,7,0.648692297,0.515324266,0.650295577,0.265168854,1.164016564,0.915464431,7
"""7406""",2022/3/9 1:00,0.948280792,5,0.387040503,0.573670428,0.604639982,0.413636078,0.960710931,1.01827606,7
"""7407""",2022/3/9 2:00,0.922078533,5,0.119813782,0.379319068,0.664882515,0.466379785,0.49913285,1.1312623,7
"""7408""",2022/3/9 3:00,0.917123894,6,0.181775046,0.215190091,0.609669772,0.487657381,0.396965137,1.097327153,7
"""7409""",2022/3/9 4:00,0.919222111,7,0.641465609,0.390972107,0.496598353,0.448151152,1.032437716,0.944749505,7
"""7410""",2022/3/9 5:00,0.93018663,8,0.610210457,0.396411243,0.002116332,0.115452044,1.006621699,0.117568376,7
"""7411""",2022/3/9 6:00,0.914100791,7,0.467853045,0.570106268,0.636931173,0.408212073,1.037959313,1.045143246,7
"""7412""",2022/3/9 7:00,0.934353937,5,0.361623951,0.377395404,0.612858508,0.415166176,0.739019356,1.028024684,7
"""7413""",2022/3/9 8:00,0.954608779,6,0.574035319,0.517730288,0.565010749,0.041768138,1.091765607,0.606778887,7
"""7414""",2022/3/9 9:00,0.938793444,7,0.657949472,0.603036981,0.627984949,0.348545455,1.260986453,0.976530403,7
"""7415""",2022/3/9 10:00,0.92132541,7,0.249122347,0.049722895,0.626075791,0.533542661,0.298845241,1.159618452,7
"""7416""",2022/3/9 11:00,0.941620995,5,0.660118176,0.537500793,0.661739231,0.101469028,1.197618969,0.76320826,7
"""7417""",2022/3/9 12:00,0.918958858,7,0.612649539,0.643601339,0.390517425,0.293319042,1.256250878,0.683836468,7
"""7418""",2022/3/9 13:00,0.944187602,6,0.072293992,0.562259272,0.659557883,0.660017994,0.634553264,1.319575877,7
"""7419""",2022/3/9 14:00,0.911700946,8,0.531403897,0.497058188,0.538874151,0.108853656,1.028462085,0.647727807,7
"""7420""",2022/3/9 15:00,0.903997178,6,0.635947329,0.013995628,0.632196118,0.523046392,0.649942957,1.155242511,7
"""7421""",2022/3/9 16:00,0.939617425,8,0.139773646,0.338912375,0.557697206,0.560725398,0.478686021,1.118422604,7
"""7422""",2022/3/9 17:00,0.957214568,5,0.645629022,0.242656069,0.373483867,0.661170627,0.888285091,1.034654494,7
"""7423""",2022/3/9 18:00,0.92510771,6,0.585790187,0.144423731,0.621010635,0.401869352,0.730213919,1.022879987,7
"""7424""",2022/3/9 19:00,0.931168183,7,0.635259537,0.373844886,0.113805561,0.386068824,1.009104423,0.499874385,7
"""7425""",2022/3/9 20:00,0.933727133,6,0.648456268,0.030581099,0.538314843,0.466526405,0.679037367,1.004841248,7
"""7426""",2022/3/9 21:00,0.937785072,8,0.555086442,0.471138961,0.022281683,0.425339503,1.026225402,0.447621186,7
"""7427""",2022/3/9 22:00,0.924283498,6,0.608699205,0.420542149,0.028280672,0.434249043,1.029241355,0.462529714,7
"""7428""",2022/3/9 23:00,0.931074442,7,0.548988682,0.625591747,0.451779061,0.524599354,1.174580429,0.976378414,7
"""7429""",2022/3/10 0:00,0.94161297,6,0.398762467,0.008849952,0.624199306,0.531198839,0.407612419,1.155398145,7
"""7430""",2022/3/10 1:00,0.913655559,8,0.569436831,0.555290601,0.274684839,0.040096718,1.124727432,0.314781557,7
"""7431""",2022/3/10 2:00,0.937399194,5,0.490004661,0.551496129,0.253390566,0.080669869,1.04150079,0.334060434,7
"""7432""",2022/3/10 3:00,0.938273841,8,0.655127426,0.350847516,0.2351328,0.572162267,1.005974942,0.807295067,7
"""7433""",2022/3/10 4:00,0.937807436,8,0.66335973,0.394950926,0.090770313,0.438950673,1.058310656,0.529720987,7
"""7434""",2022/3/10 5:00,0.916815287,5,0.43479004,0.317554191,0.613836738,0.440033109,0.752344231,1.053869846,7
"""7435""",2022/3/10 6:00,0.90412125,6,0.177123059,0.437565691,0.506712378,0.62079902,0.61468875,1.127511398,7
"""7436""",2022/3/10 7:00,0.935967198,7,0.310796091,0.348875709,0.598545307,0.633110051,0.6596718,1.231655358,7
"""7437""",2022/3/10 8:00,0.921388478,5,0.503495665,0.66112785,0.069511361,0.488491323,1.164623514,0.558002684,7
"""7438""",2022/3/10 9:00,0.918446357,5,0.548054645,0.628985892,0.087738033,0.561579561,1.177040537,0.649317594,7
"""7439""",2022/3/10 10:00,0.927967859,6,0.404806221,0.153363304,0.660270265,0.571832179,0.558169525,1.232102444,7
"""7440""",2022/3/10 11:00,0.902976772,6,0.417676272,0.609893225,0.118887043,0.396714145,1.027569497,0.515601188,7
"""7441""",2022/3/10 12:00,0.957875355,5,0.359572647,0.46085054,0.47874266,0.567374128,0.820423187,1.046116789,7
"""7442""",2022/3/10 13:00,0.901320564,7,0.57620113,0.31668396,0.584870899,0.611011682,0.89288509,1.195882581,7
"""7443""",2022/3/10 14:00,0.954838261,6,0.304696232,0.027551118,0.420092833,0.6430219,0.33224735,1.063114733,7
"""7444""",2022/3/10 15:00,0.905786344,5,0.578485503,0.589449032,0.175265704,0.4046226,1.167934535,0.579888304,7
"""7445""",2022/3/10 16:00,0.950911657,5,0.365076621,0.51385058,0.444412907,0.573997707,0.878927201,1.018410614,7
"""7446""",2022/3/10 17:00,0.958050502,6,0.518151856,0.639726554,0.182708334,0.044263478,1.15787841,0.226971812,7
"""7447""",2022/3/10 18:00,0.906623136,6,0.664089204,0.476977908,0.019323225,0.090471661,1.141067112,0.109794885,7
"""7448""",2022/3/10 19:00,0.925749456,6,0.217006589,0.36397822,0.63420576,0.611499854,0.580984809,1.245705614,7
"""7449""",2022/3/10 20:00,0.942148737,6,0.596323769,0.461026508,0.312798631,0.119013952,1.057350276,0.431812583,7
"""7450""",2022/3/10 21:00,0.943640627,6,0.565564696,0.399172208,0.660182676,0.454177355,0.964736904,1.114360031,7
"""7451""",2022/3/10 22:00,0.94401593,8,0.088740427,0.538012048,0.64291021,0.451431142,0.626752475,1.094341351,7
"""7452""",2022/3/10 23:00,0.935461595,9,0.059383327,0.652046257,0.50395269,0.624932798,0.711429584,1.128885488,7
"""7453""",2022/3/11 0:00,0.954981189,7,0.155730672,0.031032775,0.597971411,0.65201938,0.186763447,1.249990791,7
"""7454""",2022/3/11 1:00,0.91099887,5,0.529985265,0.501720668,0.36673384,0.459005286,1.031705932,0.825739127,7
"""7455""",2022/3/11 2:00,0.932175992,9,0.160302583,0.249135051,0.593346935,0.462957134,0.409437634,1.056304068,7
"""7456""",2022/3/11 3:00,0.927818338,8,0.210338992,0.008539708,0.620614146,0.489571139,0.2188787,1.110185285,7
"""7457""",2022/3/11 4:00,0.943493119,8,0.616112515,0.421121592,0.210324537,0.580852599,1.037234107,0.791177136,7
"""7458""",2022/3/11 5:00,0.91469754,5,0.646947569,0.482149218,0.252602531,0.392695276,1.129096787,0.645297807,7
"""7459""",2022/3/11 6:00,0.913963783,7,0.408827467,0.36253676,0.619296203,0.401492363,0.771364228,1.020788567,7
"""7460""",2022/3/11 7:00,0.923781186,6,0.586315242,0.474745697,0.148969722,0.569298744,1.061060939,0.718268466,7
"""7461""",2022/3/11 8:00,0.933931556,8,0.463367566,0.164119421,0.506450027,0.584274163,0.627486987,1.090724189,7
"""7462""",2022/3/11 9:00,0.93234652,8,0.616383769,0.449559495,0.400176082,0.295211861,1.065943263,0.695387942,7
"""7463""",2022/3/11 10:00,0.909216641,5,0.435887947,0.573140224,0.021291294,0.30755793,1.009028171,0.328849225,7
"""7464""",2022/3/11 11:00,0.957319307,7,0.595511788,0.508154843,0.357165248,0.360020169,1.10366663,0.717185417,7
"""7465""",2022/3/11 12:00,0.942562476,8,0.587723893,0.181037066,0.448489229,0.630627269,0.768760959,1.079116498,7
"""7466""",2022/3/11 13:00,0.92685802,7,0.562707742,0.080103839,0.48820207,0.644818386,0.642811581,1.133020456,7
"""7467""",2022/3/11 14:00,0.941025508,8,0.179665563,0.39680124,0.585628073,0.445891389,0.576466803,1.031519462,7
"""7468""",2022/3/11 15:00,0.907806105,6,0.534868659,0.4738673,0.14904829,0.497713027,1.00873596,0.646761317,7
"""7469""",2022/3/11 16:00,0.932650448,6,0.452826943,0.633369255,0.465738196,0.057060138,1.086196198,0.522798334,7
"""7470""",2022/3/11 17:00,0.943049067,7,0.277186182,0.414038042,0.61979889,0.483819624,0.691224224,1.103618514,7
"""7471""",2022/3/11 18:00,0.947912929,8,0.470545812,0.621164682,0.507046921,0.319339871,1.091710495,0.826386792,7
"""7472""",2022/3/11 19:00,0.956870473,6,0.350202719,0.423316859,0.653905016,0.538110668,0.773519578,1.192015684,7
"""7473""",2022/3/11 20:00,0.913660292,8,0.604001407,0.455153595,0.090205191,0.350061986,1.059155002,0.440267177,7
"""7474""",2022/3/11 21:00,0.947171328,7,0.586233508,0.457313578,0.435159612,0.144720469,1.043547086,0.579880081,7
"""7475""",2022/3/11 22:00,0.940216312,7,0.065878289,0.400562868,0.570729464,0.529429466,0.466441157,1.10015893,7
"""7476""",2022/3/11 23:00,0.936057103,6,0.502622921,0.524798552,0.657912703,0.405532108,1.027421473,1.063444811,7
"""7477""",2022/3/12 0:00,0.918301504,6,0.377256127,0.337419807,0.601119929,0.463309846,0.714675934,1.064429775,7
"""7478""",2022/3/12 1:00,0.912837634,5,0.57636589,0.595839628,0.14199525,0.392813911,1.172205518,0.534809161,7
"""7479""",2022/3/12 2:00,0.951319349,6,0.635842902,0.573759989,0.374031532,0.111141568,1.20960289,0.4851731,7
"""7480""",2022/3/12 3:00,0.937181439,5,0.638305275,0.476865411,0.110462623,0.005275459,1.115170686,0.115738082,7
"""7481""",2022/3/12 4:00,0.922767068,5,0.624517899,0.309216141,0.590015369,0.663935313,0.93373404,1.253950682,7
"""7482""",2022/3/12 5:00,0.941055115,5,0.649040878,0.487473119,0.659748261,0.24763657,1.136513997,0.90738483,7
"""7483""",2022/3/12 6:00,0.900884486,6,0.501364058,0.542713353,0.129065662,0.445731803,1.044077412,0.574797465,7
"""7484""",2022/3/12 7:00,0.946905046,6,0.001178735,0.487051015,0.519931593,0.650359564,0.48822975,1.170291157,7
"""7485""",2022/3/12 8:00,0.952394006,5,0.459839452,0.54676211,0.001947556,0.065950984,1.006601562,0.06789854,7
"""7486""",2022/3/12 9:00,0.917546912,8,0.580497314,0.551862914,0.401070685,0.067546195,1.132360229,0.468616879,7
"""7487""",2022/3/12 10:00,0.94436879,6,0.551334624,0.527755232,0.474845647,0.546211316,1.079089857,1.021056963,7
"""7488""",2022/3/12 11:00,0.922490026,5,0.363906285,0.385631515,0.551665216,0.475707813,0.749537799,1.027373028,7
"""7489""",2022/3/12 12:00,0.954936369,5,0.634310038,0.34367142,0.498486145,0.563412275,0.977981457,1.061898421,7
"""7490""",2022/3/12 13:00,0.931392193,5,0.613344106,0.43704013,0.189045936,0.384015241,1.050384236,0.573061176,7
"""7491""",2022/3/12 14:00,0.938829901,7,0.310338092,0.356607763,0.660976183,0.403740644,0.666945854,1.064716827,7
"""7492""",2022/3/12 15:00,0.918577667,8,0.577738726,0.457565333,0.420938321,0.65340414,1.035304059,1.074342461,7
"""7493""",2022/3/12 16:00,0.923159796,6,0.475743673,0.529486064,0.27107295,0.374737446,1.005229737,0.645810396,7
"""7494""",2022/3/12 17:00,0.939525636,5,0.581534198,0.615240692,0.569486794,0.568043047,1.19677489,1.137529841,7
"""7495""",2022/3/12 18:00,0.921390483,5,0.607837556,0.631808066,0.445516585,0.070714092,1.239645622,0.516230677,7
"""7496""",2022/3/12 19:00,0.943863242,5,0.463450365,0.59043102,0.116212601,0.439459558,1.053881385,0.555672159,7
"""7497""",2022/3/12 20:00,0.928160237,6,0.563834984,0.575126641,0.662439525,0.178493643,1.138961625,0.840933168,7
"""7498""",2022/3/12 21:00,0.901087165,7,0.409787135,0.645060454,0.642095805,0.619691556,1.054847589,1.26178736,7
"""7499""",2022/3/12 22:00,0.901156499,6,0.46675074,0.627272522,0.015975013,0.181092341,1.094023262,0.197067354,7
"""7500""",2022/3/12 23:00,0.925917561,5,0.060474669,0.124327111,0.423448781,0.591869408,0.184801779,1.01531819,7
"""7501""",2022/3/13 0:00,0.958098217,5,0.406417871,0.638722922,0.55614073,0.051039406,1.045140793,0.607180136,7
"""7502""",2022/3/13 1:00,0.949121066,5,0.565627328,0.472865444,0.351436154,0.529572567,1.038492771,0.881008721,7
"""7503""",2022/3/13 2:00,0.938825077,5,0.592471629,0.540523155,0.194708622,0.054976853,1.132994785,0.249685475,7
"""7504""",2022/3/13 3:00,0.950163205,5,0.658750446,0.597194345,0.047781017,0.206885345,1.255944791,0.254666362,7
"""7505""",2022/3/13 4:00,0.909178355,8,0.060026366,0.163420926,0.561715732,0.540778815,0.223447293,1.102494547,7
"""7506""",2022/3/13 5:00,0.915669792,6,0.502208041,0.655317546,0.458510407,0.424278026,1.157525587,0.882788434,7
"""7507""",2022/3/13 6:00,0.905766237,7,0.553082354,0.539411599,0.424236878,0.638821911,1.092493953,1.063058789,7
"""7508""",2022/3/13 7:00,0.930180558,5,0.512998157,0.60142978,0.602018197,0.10248877,1.114427937,0.704506966,7
"""7509""",2022/3/13 8:00,0.921884368,9,0.142415414,0.559752798,0.614034997,0.590386622,0.702168212,1.204421619,7
"""7510""",2022/3/13 9:00,0.925615467,7,0.605682919,0.425745801,0.068823213,0.242775043,1.031428719,0.311598256,7
"""7511""",2022/3/13 10:00,0.948655689,8,0.54480641,0.511990559,0.497128191,0.059547654,1.05679697,0.556675845,7
"""7512""",2022/3/13 11:00,0.919999307,6,0.103066893,0.302903982,0.663592886,0.615224973,0.405970875,1.278817859,7
"""7513""",2022/3/13 12:00,0.907480307,5,0.58320662,0.579563516,0.129312928,0.040265308,1.162770136,0.169578236,7
"""7514""",2022/3/13 13:00,0.947796226,9,0.50346979,0.502739374,0.39114337,0.577159846,1.006209164,0.968303216,7
"""7515""",2022/3/13 14:00,0.901393748,7,0.293763481,0.477027984,0.664674489,0.4346897,0.770791465,1.099364189,7
"""7516""",2022/3/13 15:00,0.913615345,5,0.59111075,0.565008823,0.354286312,0.288296683,1.156119573,0.642582995,7
"""7517""",2022/3/13 16:00,0.938417061,7,0.656741011,0.583983253,0.031853318,0.250597281,1.240724264,0.282450599,7
"""7518""",2022/3/13 17:00,0.941690525,7,0.556204942,0.447328672,0.214777152,0.524515417,1.003533614,0.739292569,7
"""7519""",2022/3/13 18:00,0.913940181,7,0.658202201,0.410318989,0.263394137,0.189293206,1.06852119,0.452687343,7
"""7520""",2022/3/13 19:00,0.945994622,6,0.213784944,0.195898908,0.4893333,0.656974735,0.409683852,1.146308035,7
"""7521""",2022/3/13 20:00,0.933480163,5,0.609891101,0.605303361,0.601171639,0.066671278,1.215194462,0.667842916,7
"""7522""",2022/3/13 21:00,0.910480456,5,0.048918572,0.483135382,0.377609494,0.665015617,0.532053954,1.04262511,7
"""7523""",2022/3/13 22:00,0.939563933,7,0.201757593,0.447228241,0.477392435,0.630643574,0.648985834,1.10803601,7
"""7524""",2022/3/13 23:00,0.916609438,8,0.57021855,0.382855494,0.66231532,0.422816879,0.953074044,1.0851322,7
"""7525""",2022/3/14 0:00,0.953296274,6,0.564470239,0.507324702,0.527640272,0.246402464,1.07179494,0.774042736,7
"""7526""",2022/3/14 1:00,0.956991067,7,0.558582315,0.595145429,0.404770446,0.114720887,1.153727744,0.519491333,7
"""7527""",2022/3/14 2:00,0.924822952,5,0.014451931,0.530883579,0.448042825,0.608000744,0.545335511,1.056043569,7
"""7528""",2022/3/14 3:00,0.921103184,6,0.18868605,0.591919599,0.340919585,0.663063473,0.780605649,1.003983058,7
"""7529""",2022/3/14 4:00,0.927825708,5,0.133389193,0.284256513,0.452361854,0.622846187,0.417645706,1.075208042,7
"""7530""",2022/3/14 5:00,0.953210193,5,0.478621734,0.579546123,0.634823331,0.28755337,1.058167857,0.922376701,7
"""7531""",2022/3/14 6:00,0.927886021,8,0.495849414,0.099276158,0.613216956,0.475311178,0.595125572,1.088528134,7
"""7532""",2022/3/14 7:00,0.909027707,5,0.640672199,0.188639628,0.459106806,0.658492808,0.829311827,1.117599614,7
"""7533""",2022/3/14 8:00,0.941299822,5,0.564314305,0.3915763,0.528883009,0.6122546,0.955890605,1.141137609,7
"""7534""",2022/3/14 9:00,0.945440878,6,0.510883772,0.648578003,0.306247593,0.620366889,1.159461775,0.926614482,7
"""7535""",2022/3/14 10:00,0.900585399,8,0.570980553,0.474576121,0.641793688,0.017935545,1.045556674,0.659729232,7
"""7536""",2022/3/14 11:00,0.928453836,7,0.632212493,0.139592949,0.630290129,0.522985361,0.771805442,1.15327549,7
"""7537""",2022/3/14 12:00,0.944811099,6,0.596651325,0.529227905,0.601611184,0.018276967,1.12587923,0.619888151,7
"""7538""",2022/3/14 13:00,0.928420275,6,0.487947579,0.660680062,0.111183454,0.513877703,1.148627641,0.625061157,7
"""7539""",2022/3/14 14:00,0.942402256,5,0.660291727,0.349272442,0.308340938,0.271862325,1.009564169,0.580203263,7
"""7540""",2022/3/14 15:00,0.911188266,9,0.557704972,0.61218025,0.653206094,0.342791798,1.169885222,0.995997893,7
"""7541""",2022/3/14 16:00,0.928334986,7,0.386452421,0.194396583,0.619146988,0.548924671,0.580849004,1.168071659,7
"""7542""",2022/3/14 17:00,0.957627381,5,0.14161868,0.166355258,0.558619213,0.462974764,0.307973938,1.021593977,7
"""7543""",2022/3/14 18:00,0.94602326,5,0.567289107,0.498888794,0.444051774,0.479737484,1.0661779,0.923789258,7
"""7544""",2022/3/14 19:00,0.90029071,7,0.58040023,0.054829376,0.490961796,0.513639666,0.635229606,1.004601462,7
"""7545""",2022/3/14 20:00,0.916047055,5,0.399613684,0.62399279,0.660433613,0.145691248,1.023606474,0.806124861,7
"""7546""",2022/3/14 21:00,0.942257775,8,0.6197801,0.390041425,0.056967037,0.583073649,1.009821526,0.640040686,7
"""7547""",2022/3/14 22:00,0.923793301,6,0.454290717,0.59171408,0.108529107,0.522885606,1.046004797,0.631414713,7
"""7548""",2022/3/14 23:00,0.94081769,8,0.528357168,0.641963796,0.09837235,0.555543316,1.170320964,0.653915666,7
"""7549""",2022/3/15 0:00,0.928865556,5,0.570123884,0.298858954,0.531881255,0.487548208,0.868982838,1.019429463,7
"""7550""",2022/3/15 1:00,0.901304926,7,0.293468145,0.295180328,0.511449736,0.638589393,0.588648473,1.150039129,7
"""7551""",2022/3/15 2:00,0.900434192,7,0.63933963,0.637544999,0.213417611,0.125711895,1.276884628,0.339129505,7
"""7552""",2022/3/15 3:00,0.923716265,7,0.494563722,0.618020168,0.030950828,0.398785471,1.11258389,0.429736299,7
"""7553""",2022/3/15 4:00,0.909120441,5,0.443595658,0.305556684,0.563438774,0.487807381,0.749152342,1.051246155,7
"""7554""",2022/3/15 5:00,0.923244412,9,0.211172484,0.181728794,0.665696496,0.495544846,0.392901278,1.161241342,7
"""7555""",2022/3/15 6:00,0.923741112,8,0.605332488,0.520609822,0.503389518,0.135267847,1.12594231,0.638657364,7
"""7556""",2022/3/15 7:00,0.912908926,6,0.345223877,0.557585887,0.506751258,0.64174981,0.902809763,1.148501069,7
"""7557""",2022/3/15 8:00,0.942642378,7,0.243542364,0.320132322,0.445647598,0.568171403,0.563674686,1.013819001,7
"""7558""",2022/3/15 9:00,0.941364591,7,0.615782143,0.524820085,0.659928582,0.059705306,1.140602228,0.719633888,7
"""7559""",2022/3/15 10:00,0.914829644,6,0.050938188,0.44829012,0.622729203,0.616652485,0.499228308,1.239381689,7
"""7560""",2022/3/15 11:00,0.93094864,6,0.040132897,0.355823495,0.616510523,0.397722393,0.395956392,1.014232915,7
"""7561""",2022/3/15 12:00,0.943661455,6,0.553881303,0.503143542,0.390897351,0.610573339,1.057024845,1.001470689,7
"""7562""",2022/3/15 13:00,0.951879221,9,0.515966806,0.534214768,0.417692332,0.28155239,1.050181574,0.699244722,7
"""7563""",2022/3/15 14:00,0.958422989,6,0.439853554,0.639457653,0.411314797,0.089854004,1.079311207,0.501168802,7
"""7564""",2022/3/15 15:00,0.905026187,9,0.479383855,0.566119451,0.015200565,0.019075316,1.045503306,0.034275881,7
"""7565""",2022/3/15 16:00,0.918659625,5,0.507598224,0.612017329,0.436886001,0.541794573,1.119615553,0.978680573,7
"""7566""",2022/3/15 17:00,0.945046778,8,0.624441227,0.552152734,0.20430105,0.544321372,1.176593961,0.748622422,7
"""7567""",2022/3/15 18:00,0.918859755,9,0.507312795,0.58763804,0.33406455,0.42099458,1.094950835,0.755059131,7
"""7568""",2022/3/15 19:00,0.939675844,9,0.302597474,0.343195417,0.614947609,0.508542437,0.645792891,1.123490046,7
"""7569""",2022/3/15 20:00,0.9344642,6,0.401417988,0.602931434,0.454358395,0.306860941,1.004349422,0.761219336,7
"""7570""",2022/3/15 21:00,0.950271628,5,0.451701894,0.558333358,0.150689086,0.652689643,1.010035252,0.80337873,7
"""7571""",2022/3/15 22:00,0.958105998,6,0.548882116,0.591616224,0.145450145,0.119770985,1.140498341,0.265221131,7
"""7572""",2022/3/15 23:00,0.954920612,6,0.466156132,0.62574425,0.582299327,0.451798952,1.091900382,1.034098279,7
"""7573""",2022/3/16 0:00,0.920478535,6,0.367383406,0.657332881,0.205970822,0.466042909,1.024716286,0.672013732,7
"""7574""",2022/3/16 1:00,0.936562132,6,0.476292274,0.357361722,0.566360137,0.592807622,0.833653996,1.159167758,7
"""7575""",2022/3/16 2:00,0.918103576,7,0.065364173,0.465783038,0.663369154,0.431930486,0.531147211,1.09529964,7
"""7576""",2022/3/16 3:00,0.957933875,7,0.149602827,0.023287719,0.612558889,0.419202636,0.172890547,1.031761525,7
"""7577""",2022/3/16 4:00,0.951223741,6,0.158085618,0.557837621,0.593752067,0.538357056,0.715923239,1.132109123,7
"""7578""",2022/3/16 5:00,0.92723578,9,0.439177813,0.266076221,0.360217362,0.6606665,0.705254034,1.020883862,7
"""7579""",2022/3/16 6:00,0.955079541,7,0.353089237,0.305028237,0.391230245,0.663667597,0.658117474,1.054897842,7
"""7580""",2022/3/16 7:00,0.951026515,9,0.124575741,0.575349083,0.599921374,0.65087948,0.699924824,1.250800854,7
"""7581""",2022/3/16 8:00,0.913907769,6,0.570969355,0.454827765,0.035711509,0.070710413,1.02579712,0.106421922,7
"""7582""",2022/3/16 9:00,0.957085985,7,0.657343503,0.63832971,0.643130255,0.445868088,1.295673213,1.088998342,7
"""7583""",2022/3/16 10:00,0.93615864,6,0.498477734,0.664768821,0.213403987,0.410466221,1.163246555,0.623870208,7
"""7584""",2022/3/16 11:00,0.927406114,9,0.110791103,0.169479067,0.527827479,0.557476469,0.28027017,1.085303949,7
"""7585""",2022/3/16 12:00,0.912100824,6,0.320933895,0.017289493,0.509468616,0.507733226,0.338223388,1.017201841,7
"""7586""",2022/3/16 13:00,0.933364922,5,0.373976258,0.202452918,0.531607735,0.486257973,0.576429177,1.017865708,7
"""7587""",2022/3/16 14:00,0.949708318,5,0.557902623,0.632099797,0.390799767,0.36839858,1.19000242,0.759198347,7
"""7588""",2022/3/16 15:00,0.907721607,7,0.507208553,0.074661087,0.627659649,0.396054437,0.581869641,1.023714086,7
"""7589""",2022/3/16 16:00,0.933370791,7,0.046549283,0.280069561,0.632882135,0.399261633,0.326618843,1.032143768,7
"""7590""",2022/3/16 17:00,0.940481998,5,0.089517439,0.067128755,0.648065407,0.357031528,0.156646194,1.005096935,7
"""7591""",2022/3/16 18:00,0.908302434,7,0.540563641,0.638383997,0.526843553,0.254079051,1.178947639,0.780922604,7
"""7592""",2022/3/16 19:00,0.911304196,7,0.541632295,0.639936691,0.064503053,0.111129523,1.181568987,0.175632576,7
"""7593""",2022/3/16 20:00,0.954003146,5,0.659453651,0.461714286,0.247378595,0.368418045,1.121167937,0.615796641,7
"""7594""",2022/3/16 21:00,0.912074063,7,0.177941593,0.123166654,0.63825219,0.58557154,0.301108247,1.223823731,7
"""7595""",2022/3/16 22:00,0.951666065,5,0.122629823,0.089852304,0.520604855,0.560142771,0.212482127,1.080747626,7
"""7596""",2022/3/16 23:00,0.943929953,7,0.55782552,0.623777162,0.079962117,0.352644877,1.181602682,0.432606995,7
"""7597""",2022/3/17 0:00,0.944472065,8,0.578744855,0.611283549,0.111681557,0.380268775,1.190028404,0.491950331,7
"""7598""",2022/3/17 1:00,0.957914528,6,0.360339823,0.392059337,0.426983681,0.599115259,0.75239916,1.02609894,7
"""7599""",2022/3/17 2:00,0.930879399,8,0.44490323,0.043133073,0.607845277,0.392251215,0.488036303,1.000096492,7
"""7600""",2022/3/17 3:00,0.915924359,5,0.653629483,0.413943965,0.039044635,0.429159701,1.067573448,0.468204336,7
"""7601""",2022/3/17 4:00,0.903787012,6,0.571093618,0.541346003,0.0770226,0.080303653,1.112439621,0.157326253,7
"""7602""",2022/3/17 5:00,0.954151317,5,0.604839874,0.334846462,0.425695338,0.647219385,0.939686336,1.072914723,7
"""7603""",2022/3/17 6:00,0.905938216,7,0.6629117,0.592761409,0.318664354,0.644368695,1.255673109,0.963033049,7
"""7604""",2022/3/17 7:00,0.926923313,7,0.624948724,0.493766646,0.078771617,0.295339019,1.11871537,0.374110636,7
"""7605""",2022/3/17 8:00,0.926165899,8,0.652738671,0.632428207,0.61655326,0.577099539,1.285166878,1.193652799,7
"""7606""",2022/3/17 9:00,0.908239082,7,0.284447453,0.178596551,0.518047847,0.509322588,0.463044004,1.027370435,7
"""7607""",2022/3/17 10:00,0.948348498,5,0.412490718,0.63082388,0.248075087,0.111317301,1.043314598,0.359392388,7
"""7608""",2022/3/17 11:00,0.93562314,8,0.595693643,0.572346813,0.44109271,0.043373197,1.168040456,0.484465907,7
"""7609""",2022/3/17 12:00,0.912110668,5,0.594415361,0.484601661,0.111536891,0.387715621,1.079017022,0.499252512,7
"""7610""",2022/3/17 13:00,0.956128193,6,0.613817103,0.488041073,0.205205166,0.590611528,1.101858176,0.795816694,7
"""7611""",2022/3/17 14:00,0.958346116,5,0.454562898,0.434841674,0.5797276,0.558551073,0.889404572,1.138278673,7
"""7612""",2022/3/17 15:00,0.922354676,5,0.564491127,0.476271797,0.587636435,0.558046534,1.040762925,1.145682969,7
"""7613""",2022/3/17 16:00,0.920778258,5,0.664349372,0.415615642,0.284038931,0.603007954,1.079965014,0.887046885,7
"""7614""",2022/3/17 17:00,0.94137243,6,0.180680239,0.254295892,0.6280149,0.591675101,0.434976131,1.219690001,7
"""7615""",2022/3/17 18:00,0.958396,7,0.347676123,0.10565452,0.652367582,0.657613617,0.453330643,1.309981199,7
"""7616""",2022/3/17 19:00,0.950240531,5,0.259957421,0.46984378,0.647613568,0.429534349,0.729801201,1.077147917,7
"""7617""",2022/3/17 20:00,0.915535729,8,0.627610631,0.389521317,0.561287885,0.550357208,1.017131948,1.111645093,7
"""7618""",2022/3/17 21:00,0.922865415,8,0.566419021,0.635877564,0.460353434,0.192584225,1.202296585,0.652937659,7
"""7619""",2022/3/17 22:00,0.945724407,5,0.552930991,0.524610577,0.292369385,0.426717297,1.077541568,0.719086682,7
"""7620""",2022/3/17 23:00,0.944967479,5,0.477188656,0.172814617,0.506814694,0.631039802,0.650003272,1.137854496,7
"""7621""",2022/3/18 0:00,0.942429921,5,0.62394755,0.210721921,0.601219319,0.406174293,0.834669471,1.007393612,7
"""7622""",2022/3/18 1:00,0.905949508,6,0.376372581,0.095686118,0.526474284,0.560262429,0.472058699,1.086736713,7
"""7623""",2022/3/18 2:00,0.935240074,6,0.550185599,0.658175528,0.336989539,0.569918243,1.208361127,0.906907782,7
"""7624""",2022/3/18 3:00,0.956647956,6,0.013161437,0.608277488,0.629752444,0.597209484,0.621438925,1.226961928,7
"""7625""",2022/3/18 4:00,0.927620537,6,0.301930265,0.648803571,0.58415498,0.519205577,0.950733836,1.103360557,7
"""7626""",2022/3/18 5:00,0.91609534,7,0.137032822,0.01729923,0.561801922,0.457790832,0.154332052,1.019592754,7
"""7627""",2022/3/18 6:00,0.944927177,5,0.455576452,0.572453984,0.225240651,0.182429802,1.028030436,0.407670453,7
"""7628""",2022/3/18 7:00,0.919818055,9,0.629929689,0.622311199,0.194140316,0.063791379,1.252240888,0.257931694,7
"""7629""",2022/3/18 8:00,0.945029103,6,0.523589807,0.592043627,0.377666355,0.418577642,1.115633434,0.796243997,7
"""7630""",2022/3/18 9:00,0.947426284,6,0.001230383,0.438569975,0.57591114,0.631575296,0.439800358,1.207486437,7
"""7631""",2022/3/18 10:00,0.903508355,6,0.578682885,0.462456056,0.562183668,0.440047908,1.041138941,1.002231575,7
"""7632""",2022/3/18 11:00,0.9501302,8,0.462010475,0.586303372,0.492561943,0.515024346,1.048313847,1.007586289,7
"""7633""",2022/3/18 12:00,0.912577032,8,0.05737695,0.41003932,0.542809569,0.469701779,0.46741627,1.012511349,7
"""7634""",2022/3/18 13:00,0.945215205,5,0.455869116,0.6244545,0.536588112,0.561536109,1.080323616,1.098124221,7
"""7635""",2022/3/18 14:00,0.914459359,5,0.619748747,0.502187696,0.42529279,0.174498088,1.121936443,0.599790878,7
"""7636""",2022/3/18 15:00,0.936301738,5,0.514441021,0.010461129,0.571626122,0.497621464,0.52490215,1.069247587,7
"""7637""",2022/3/18 16:00,0.954844182,9,0.258447536,0.085658813,0.536557872,0.64251868,0.344106349,1.179076552,7
"""7638""",2022/3/18 17:00,0.904774975,8,0.496127572,0.647331853,0.352812041,0.268248304,1.143459425,0.621060345,7
"""7639""",2022/3/18 18:00,0.950878145,7,0.608741221,0.650923349,0.416898334,0.099436376,1.25966457,0.51633471,7
"""7640""",2022/3/18 19:00,0.919548147,9,0.090780008,0.073288636,0.654726676,0.533363825,0.164068643,1.188090501,7
"""7641""",2022/3/18 20:00,0.905268623,5,0.557050906,0.21325569,0.636522827,0.43949435,0.770306596,1.076017177,7
"""7642""",2022/3/18 21:00,0.901603716,7,0.585197365,0.323286101,0.464644289,0.585951552,0.908483466,1.05059584,7
"""7643""",2022/3/18 22:00,0.943871349,6,0.582131844,0.075881206,0.625846956,0.626362237,0.65801305,1.252209194,7
"""7644""",2022/3/18 23:00,0.930600085,5,0.470448337,0.66365724,0.375814249,0.120487516,1.134105577,0.496301765,7
"""7645""",2022/3/19 0:00,0.922661689,8,0.509563055,0.520784917,0.445291434,0.467569036,1.030347972,0.91286047,7
"""7646""",2022/3/19 1:00,0.917769238,6,0.009622831,0.139303858,0.558460167,0.523312181,0.148926689,1.081772348,7
"""7647""",2022/3/19 2:00,0.939820455,9,0.433505829,0.599802086,0.531137651,0.384522279,1.033307914,0.91565993,7
"""7648""",2022/3/19 3:00,0.939066239,8,0.598318374,0.417510885,0.293460092,0.113509943,1.015829259,0.406970035,7
"""7649""",2022/3/19 4:00,0.904046759,5,0.640209106,0.626869816,0.396436768,0.636022658,1.267078922,1.032459427,7
"""7650""",2022/3/19 5:00,0.921719605,7,0.44424785,0.655391088,0.261103328,0.477543134,1.099638939,0.738646462,7
"""7651""",2022/3/19 6:00,0.958146012,7,0.544587433,0.642230283,0.434179654,0.03765131,1.186817716,0.471830964,7
"""7652""",2022/3/19 7:00,0.935118759,8,0.584051587,0.583551969,0.248649504,0.616258787,1.167603556,0.864908291,7
"""7653""",2022/3/19 8:00,0.943190336,7,0.646447042,0.413430834,0.458656243,0.270080481,1.059877876,0.728736724,7
"""7654""",2022/3/19 9:00,0.901170597,7,0.649445047,0.503999751,0.332513686,0.301811645,1.153444798,0.634325331,7
"""7655""",2022/3/19 10:00,0.919464908,7,0.645309798,0.469700468,0.410269041,0.567209868,1.115010266,0.977478908,7
"""7656""",2022/3/19 11:00,0.919611403,5,0.406561402,0.460263715,0.660959659,0.495188677,0.866825117,1.156148336,7
"""7657""",2022/3/19 12:00,0.957555065,9,0.329054146,0.321880079,0.442234304,0.640422223,0.650934225,1.082656527,7
"""7658""",2022/3/19 13:00,0.911987556,7,0.396801684,0.125914502,0.627814235,0.527348626,0.522716187,1.155162861,7
"""7659""",2022/3/19 14:00,0.950615052,7,0.596569872,0.491921798,0.132049859,0.006734478,1.08849167,0.138784337,7
"""7660""",2022/3/19 15:00,0.929899039,5,0.577822716,0.471342496,0.628679075,0.036337648,1.049165212,0.665016722,7
"""7661""",2022/3/19 16:00,0.936616338,7,0.56977496,0.462526867,0.044644404,0.386350638,1.032301827,0.430995043,7
"""7662""",2022/3/19 17:00,0.91006014,7,0.589866275,0.490061165,0.399924777,0.117258998,1.07992744,0.517183775,7
"""7663""",2022/3/19 18:00,0.938315988,8,0.337106376,0.287505987,0.560003548,0.480877966,0.624612363,1.040881514,7
"""7664""",2022/3/19 19:00,0.92037564,9,0.566839947,0.232821669,0.646534075,0.556716026,0.799661615,1.203250101,7
"""7665""",2022/3/19 20:00,0.905517172,6,0.65230444,0.382100695,0.532407608,0.568213493,1.034405134,1.100621102,7
"""7666""",2022/3/19 21:00,0.927520727,9,0.243028578,0.415385171,0.583771985,0.552965895,0.658413749,1.13673788,7
"""7667""",2022/3/19 22:00,0.943507692,5,0.261119486,0.478663375,0.604780955,0.470420256,0.739782862,1.075201211,7
"""7668""",2022/3/19 23:00,0.91875813,9,0.568744247,0.640342552,0.094733764,0.136668732,1.209086799,0.231402496,7
"""7669""",2022/3/20 0:00,0.941902513,8,0.244547737,0.483695711,0.538749933,0.505012266,0.728243448,1.043762199,7
"""7670""",2022/3/20 1:00,0.955116922,6,0.168746909,0.593138132,0.56293438,0.578079036,0.761885042,1.141013416,7
"""7671""",2022/3/20 2:00,0.92660121,6,0.419272434,0.575163724,0.496565278,0.646005108,0.994436158,1.142570386,7
"""7672""",2022/3/20 3:00,0.909675111,7,0.604883373,0.623365515,0.625655126,0.558418937,1.228248888,1.184074063,7
"""7673""",2022/3/20 4:00,0.94646182,9,0.518525349,0.298017872,0.642935116,0.369977417,0.816543221,1.012912533,7
"""7674""",2022/3/20 5:00,0.949280369,5,0.42154535,0.62184751,0.28024683,0.016131856,1.04339286,0.296378686,7
"""7675""",2022/3/20 6:00,0.947050087,5,0.493704471,0.524770284,0.312571151,0.174294645,1.018474755,0.486865796,7
"""7676""",2022/3/20 7:00,0.930466821,5,0.590334474,0.416647758,0.439870724,0.072798042,1.006982232,0.512668766,7
"""7677""",2022/3/20 8:00,0.908565528,8,0.591786911,0.055446494,0.549938551,0.584009232,0.647233405,1.133947783,7
"""7678""",2022/3/20 9:00,0.953484464,6,0.358720443,0.224281056,0.543933531,0.610936425,0.583001499,1.154869957,7
"""7679""",2022/3/20 10:00,0.929946138,7,0.067031911,0.415283191,0.54236932,0.622829036,0.482315101,1.165198356,7
"""7680""",2022/3/20 11:00,0.912586188,5,0.604383777,0.406216269,0.272422423,0.289926183,1.010600046,0.562348606,7
"""7681""",2022/3/20 12:00,0.956022416,7,0.263035294,0.172143674,0.634210498,0.650286594,0.435178969,1.284497092,7
"""7682""",2022/3/20 13:00,0.930816284,6,0.369736913,0.609547145,0.453670486,0.657376905,0.979284058,1.111047391,7
"""7683""",2022/3/20 14:00,0.91464897,5,0.493105745,0.293655172,0.528490132,0.530165121,0.786760917,1.058655253,7
"""7684""",2022/3/20 15:00,0.909856059,5,0.28457613,0.399860376,0.514825621,0.606278271,0.684436506,1.121103892,7
"""7685""",2022/3/20 16:00,0.948968981,5,0.492492791,0.523461799,0.120519181,0.246642894,1.01595459,0.367162075,7
"""7686""",2022/3/20 17:00,0.902371764,7,0.555257529,0.654575273,0.259252209,0.355463368,1.209832802,0.614715578,7
"""7687""",2022/3/20 18:00,0.921742287,5,0.459554299,0.118208634,0.624324562,0.565493725,0.577762932,1.189818287,7
"""7688""",2022/3/20 19:00,0.937055526,7,0.481306099,0.555257284,0.104747049,0.003042557,1.036563383,0.107789606,7
"""7689""",2022/3/20 20:00,0.905673606,5,0.663539339,0.24278297,0.510611958,0.523353392,0.906322309,1.03396535,7
"""7690""",2022/3/20 21:00,0.923696134,8,0.576242864,0.663895154,0.193436194,0.605267119,1.240138018,0.798703313,7
"""7691""",2022/3/20 22:00,0.903016318,5,0.612569106,0.563623122,0.026786305,0.658557363,1.176192228,0.685343668,7
"""7692""",2022/3/20 23:00,0.92533679,5,0.567006883,0.55169548,0.517788284,0.022053684,1.118702364,0.539841968,7
"""7693""",2022/3/21 0:00,0.952900096,6,0.511565183,0.543266084,0.409571511,0.559036933,1.054831267,0.968608444,7
"""7694""",2022/3/21 1:00,0.95058946,8,0.565454678,0.629469881,0.525390023,0.609841071,1.194924559,1.135231094,7
"""7695""",2022/3/21 2:00,0.958438284,5,0.10390155,0.135269491,0.461989949,0.662520901,0.239171041,1.12451085,7
"""7696""",2022/3/21 3:00,0.921004625,5,0.47202658,0.584580904,0.161973748,0.431668202,1.056607484,0.59364195,7
"""7697""",2022/3/21 4:00,0.902134937,5,0.661894252,0.583509104,0.336436168,0.09713599,1.245403356,0.433572159,7
"""7698""",2022/3/21 5:00,0.925606836,5,0.658467961,0.339273263,0.559189308,0.661530391,0.997741223,1.2207197,7
"""7699""",2022/3/21 6:00,0.93992506,5,0.155979486,0.043670026,0.539788124,0.513295127,0.199649512,1.053083251,7
"""7700""",2022/3/21 7:00,0.929383742,5,0.514811011,0.169927456,0.641594487,0.540992557,0.684738467,1.182587044,7
"""7701""",2022/3/21 8:00,0.902593218,6,0.417793509,0.665301453,0.286376184,0.591357416,1.083094962,0.8777336,7
"""7702""",2022/3/21 9:00,0.940640466,7,0.258839464,0.249518093,0.502224808,0.639620066,0.508357557,1.141844874,7
"""7703""",2022/3/21 10:00,0.923058764,5,0.591460589,0.602732301,0.271420084,0.503330497,1.19419289,0.774750581,7
"""7704""",2022/3/21 11:00,0.906199877,7,0.485343452,0.454225663,0.478099836,0.52770419,0.939569115,1.005804026,7
"""7705""",2022/3/21 12:00,0.944530955,7,0.16263887,0.089655917,0.583537443,0.512440669,0.252294787,1.095978113,7
"""7706""",2022/3/21 13:00,0.919930204,6,0.496619369,0.546994236,0.367405515,0.393815538,1.043613605,0.761221053,7
"""7707""",2022/3/21 14:00,0.906946559,6,0.566720785,0.464543821,0.155054495,0.541015611,1.031264606,0.696070107,7
"""7708""",2022/3/21 15:00,0.923101268,7,0.540354827,0.665798783,0.02100637,0.102977152,1.20615361,0.123983522,7
"""7709""",2022/3/21 16:00,0.902792064,5,0.051146027,0.424008748,0.565544615,0.592925342,0.475154775,1.158469958,7
"""7710""",2022/3/21 17:00,0.919347434,5,0.52504432,0.620662286,0.104336267,0.253473032,1.145706606,0.357809299,7
"""7711""",2022/3/21 18:00,0.93044062,5,0.593014548,0.459064433,0.439003063,0.205957367,1.052078981,0.64496043,7
"""7712""",2022/3/21 19:00,0.919704426,6,0.308445516,0.570434355,0.456905252,0.553926659,0.878879871,1.010831912,7
"""7713""",2022/3/21 20:00,0.942578287,7,0.36794752,0.260779389,0.559735256,0.528293956,0.628726909,1.088029213,7
"""7714""",2022/3/21 21:00,0.91632922,5,0.577959056,0.620511212,0.591591821,0.315740367,1.198470268,0.907332189,7
"""7715""",2022/3/21 22:00,0.925097095,6,0.622871206,0.178702404,0.665741559,0.390904962,0.801573609,1.05664652,7
"""7716""",2022/3/21 23:00,0.921220692,6,0.010742563,0.087223509,0.505578,0.57167027,0.097966072,1.07724827,7
"""7717""",2022/3/22 0:00,0.937853452,7,0.457604145,0.613647962,0.584818893,0.309378276,1.071252107,0.894197169,7
"""7718""",2022/3/22 1:00,0.941285058,8,0.651266314,0.480367293,0.583740756,0.205142059,1.131633607,0.788882814,7
"""7719""",2022/3/22 2:00,0.904852868,8,0.659433419,0.451624563,0.280582273,0.143532379,1.111057982,0.424114652,7
"""7720""",2022/3/22 3:00,0.954561622,6,0.236505992,0.421314165,0.586484743,0.546293636,0.657820157,1.132778379,7
"""7721""",2022/3/22 4:00,0.929151019,5,0.441447503,0.609496418,0.259825534,0.441125599,1.050943922,0.700951133,7
"""7722""",2022/3/22 5:00,0.923143993,5,0.637659752,0.452396109,0.467464136,0.136920852,1.090055861,0.604384988,7
"""7723""",2022/3/22 6:00,0.93575442,6,0.154333903,0.395516107,0.600614808,0.56076369,0.54985001,1.161378498,7
"""7724""",2022/3/22 7:00,0.916045403,8,0.602974704,0.428844898,0.556571299,0.474910363,1.031819601,1.031481662,7
"""7725""",2022/3/22 8:00,0.911044106,5,0.132562065,0.658554683,0.631792736,0.643315625,0.791116748,1.275108361,7
"""7726""",2022/3/22 9:00,0.918784524,5,0.571764526,0.253750212,0.582716708,0.560856172,0.825514738,1.14357288,7
"""7727""",2022/3/22 10:00,0.935717382,7,0.371766923,0.461970718,0.660534798,0.414798595,0.833737641,1.075333393,7
"""7728""",2022/3/22 11:00,0.942261298,5,0.438126319,0.663204623,0.131329644,0.094117713,1.101330942,0.225447357,7
"""7729""",2022/3/22 12:00,0.953788133,5,0.479386423,0.373305293,0.627438689,0.615678863,0.852691716,1.243117552,7
"""7730""",2022/3/22 13:00,0.951027876,7,0.589663935,0.595730354,0.229559892,0.329053492,1.185394289,0.558613385,7
"""7731""",2022/3/22 14:00,0.91728543,9,0.562337569,0.641956992,0.058142742,0.337152535,1.204294561,0.395295277,7
"""7732""",2022/3/22 15:00,0.930545797,5,0.513210631,0.620895449,0.065663804,0.280162641,1.13410608,0.345826445,7
"""7733""",2022/3/22 16:00,0.929723855,6,0.459470153,0.28918655,0.575215987,0.440667183,0.748656703,1.01588317,7
"""7734""",2022/3/22 17:00,0.919314494,7,0.057541867,0.60814551,0.487221104,0.518833495,0.665687377,1.006054599,7
"""7735""",2022/3/22 18:00,0.930281123,7,0.383312119,0.268785091,0.437153547,0.581965328,0.652097209,1.019118875,7
"""7736""",2022/3/22 19:00,0.90114142,8,0.486928447,0.133323174,0.584057082,0.53585059,0.620251621,1.119907672,7
"""7737""",2022/3/22 20:00,0.958608286,5,0.051320783,0.136160439,0.480963218,0.616194836,0.187481221,1.097158054,7
"""7738""",2022/3/22 21:00,0.909467367,6,0.067209834,0.572681906,0.503996645,0.611669384,0.639891741,1.11566603,7
"""7739""",2022/3/22 22:00,0.957270521,5,0.170677317,0.338660436,0.391673582,0.645223352,0.509337752,1.036896935,7
"""7740""",2022/3/22 23:00,0.901920197,5,0.457059217,0.609748507,0.161606362,0.271660634,1.066807724,0.433266996,7
"""7741""",2022/3/23 0:00,0.948009726,7,0.55121863,0.05197552,0.641531102,0.487533858,0.603194149,1.12906496,7
"""7742""",2022/3/23 1:00,0.939542988,6,0.642758077,0.379569373,0.192736347,0.527192275,1.022327449,0.719928622,7
"""7743""",2022/3/23 2:00,0.956612488,8,0.486061687,0.622617753,0.605599763,0.399086361,1.10867944,1.004686124,7
"""7744""",2022/3/23 3:00,0.915032168,6,0.62461848,0.108518297,0.451545952,0.64216488,0.733136777,1.093710832,7
"""7745""",2022/3/23 4:00,0.916276069,5,0.429172721,0.29279448,0.540052662,0.478582357,0.721967201,1.018635019,7
"""7746""",2022/3/23 5:00,0.912239282,6,0.100415548,0.536026444,0.523702621,0.506161217,0.636441993,1.029863838,7
"""7747""",2022/3/23 6:00,0.933102712,7,0.358172239,0.661571146,0.525962976,0.565132471,1.019743386,1.091095447,7
"""7748""",2022/3/23 7:00,0.950167271,7,0.651280586,0.014269958,0.662867686,0.415330275,0.665550544,1.078197961,7
"""7749""",2022/3/23 8:00,0.94755572,5,0.363083742,0.008056916,0.404169528,0.630266141,0.371140658,1.034435669,7
"""7750""",2022/3/23 9:00,0.923313925,5,0.570956329,0.456957234,0.283949695,0.146923387,1.027913563,0.430873082,7
"""7751""",2022/3/23 10:00,0.919656642,6,0.077773806,0.323423113,0.568821881,0.583778964,0.401196918,1.152600845,7
"""7752""",2022/3/23 11:00,0.934537304,7,0.649325401,0.445194016,0.272806141,0.515421152,1.094519417,0.788227293,7
"""7753""",2022/3/23 12:00,0.906174214,6,0.372228328,0.369630298,0.598221737,0.532947245,0.741858627,1.131168981,7
"""7754""",2022/3/23 13:00,0.929715009,7,0.58666482,0.488924519,0.39316117,0.480558668,1.075589338,0.873719839,7
"""7755""",2022/3/23 14:00,0.904879982,6,0.267847682,0.6552958,0.447798732,0.658258147,0.923143482,1.10605688,7
"""7756""",2022/3/23 15:00,0.949208849,5,0.163505901,0.462657114,0.655828234,0.392090188,0.626163014,1.047918422,7
"""7757""",2022/3/23 16:00,0.921717882,6,0.103748056,0.367305736,0.607984199,0.58693834,0.471053792,1.194922539,7
"""7758""",2022/3/23 17:00,0.917750706,5,0.35484344,0.2228896,0.548691449,0.584828582,0.57773304,1.133520031,7
"""7759""",2022/3/23 18:00,0.918093072,6,0.307377549,0.153989895,0.630886612,0.6396383,0.461367444,1.270524912,7
"""7760""",2022/3/23 19:00,0.944314256,6,0.403195417,0.217727226,0.466098339,0.665054037,0.620922643,1.131152376,7
"""7761""",2022/3/23 20:00,0.931070469,5,0.454372469,0.15432781,0.574652329,0.520769667,0.608700279,1.095421996,7
"""7762""",2022/3/23 21:00,0.924104025,5,0.554314352,0.475996792,0.185316786,0.332944384,1.030311144,0.51826117,7
"""7763""",2022/3/23 22:00,0.926139831,8,0.3886338,0.28548936,0.45958124,0.544870629,0.67412316,1.004451869,7
"""7764""",2022/3/23 23:00,0.954442871,7,0.358955886,0.569630897,0.557038458,0.471225767,0.928586782,1.028264226,7
"""7765""",2022/3/24 0:00,0.911640315,5,0.660451207,0.632548817,0.183439312,0.460822842,1.293000025,0.644262154,7
"""7766""",2022/3/24 1:00,0.91740829,5,0.650275805,0.615037384,0.440745808,0.274612469,1.265313189,0.715358277,7
"""7767""",2022/3/24 2:00,0.925414411,9,0.599163486,0.583255939,0.486337728,0.041248535,1.182419425,0.527586263,7
"""7768""",2022/3/24 3:00,0.956058888,6,0.452229308,0.653606548,0.17828718,0.649464509,1.105835857,0.827751689,7
"""7769""",2022/3/24 4:00,0.915051382,6,0.64895025,0.601833934,0.046240512,0.139321847,1.250784184,0.18556236,7
"""7770""",2022/3/24 5:00,0.903093029,7,0.65760734,0.442644106,0.485182224,0.259986463,1.100251446,0.745168688,7
"""7771""",2022/3/24 6:00,0.953570752,7,0.304937292,0.063742758,0.452599402,0.647250087,0.36868005,1.099849488,7
"""7772""",2022/3/24 7:00,0.909002291,7,0.539432608,0.56741695,0.608956263,0.588255513,1.106849559,1.197211776,7
"""7773""",2022/3/24 8:00,0.940633545,9,0.110258628,0.584289457,0.493646114,0.536051118,0.694548086,1.029697233,7
"""7774""",2022/3/24 9:00,0.906834859,6,0.549183102,0.492116534,0.099236659,0.142899437,1.041299636,0.242136096,7
"""7775""",2022/3/24 10:00,0.926587652,5,0.206173314,0.601423183,0.527612537,0.485198201,0.807596497,1.012810737,7
"""7776""",2022/3/24 11:00,0.931494589,6,0.62110891,0.440911691,0.059400338,0.262023814,1.062020601,0.321424152,7
"""7777""",2022/3/24 12:00,0.956355938,7,0.5146495,0.275004279,0.444572572,0.626206061,0.789653778,1.070778633,7
"""7778""",2022/3/24 13:00,0.918697072,5,0.202596433,0.326249524,0.662702225,0.518852277,0.528845957,1.181554502,7
"""7779""",2022/3/24 14:00,0.903207651,5,0.549493732,0.538844686,0.310380729,0.50333202,1.088338418,0.813712748,7
"""7780""",2022/3/24 15:00,0.908574229,6,0.625646863,0.620836631,0.314969987,0.430347885,1.246483494,0.745317872,7
"""7781""",2022/3/24 16:00,0.918321819,9,0.483998957,0.570457461,0.03624652,0.407816237,1.054456418,0.444062758,7
"""7782""",2022/3/24 17:00,0.922010002,7,0.620394748,0.432801772,0.293902331,0.637296227,1.05319652,0.931198557,7
"""7783""",2022/3/24 18:00,0.91219048,5,0.476655533,0.526445243,0.034017589,0.404274612,1.003100777,0.438292201,7
"""7784""",2022/3/24 19:00,0.91571949,7,0.652645176,0.657709282,0.510855766,0.535857341,1.310354458,1.046713107,7
"""7785""",2022/3/24 20:00,0.905288644,7,0.361315458,0.132630889,0.606820409,0.543737721,0.493946346,1.15055813,7
"""7786""",2022/3/24 21:00,0.950845887,6,0.571505535,0.663102125,0.061968093,0.278051488,1.234607661,0.340019581,7
"""7787""",2022/3/24 22:00,0.950795092,5,0.526458857,0.494438722,0.643144695,0.070417547,1.020897579,0.713562242,7
"""7788""",2022/3/24 23:00,0.939794635,5,0.531898751,0.498761106,0.111955007,0.306315986,1.030659856,0.418270993,7
"""7789""",2022/3/25 0:00,0.927886306,8,0.413813748,0.640677893,0.642104238,0.121914055,1.054491641,0.764018293,7
"""7790""",2022/3/25 1:00,0.941466033,5,0.368719666,0.65334905,0.487166415,0.627851238,1.022068715,1.115017653,7
"""7791""",2022/3/25 2:00,0.913962382,6,0.089529436,0.298983893,0.614425727,0.518790231,0.388513329,1.133215958,7
"""7792""",2022/3/25 3:00,0.905145627,5,0.185999417,0.642112386,0.408721933,0.626747705,0.828111803,1.035469638,7
"""7793""",2022/3/25 4:00,0.911193087,6,0.461028577,0.648937178,0.451129651,0.419909395,1.109965755,0.871039046,7
"""7794""",2022/3/25 5:00,0.951251159,7,0.121704521,0.639274586,0.603962383,0.446364449,0.760979107,1.050326832,7
"""7795""",2022/3/25 6:00,0.917735399,8,0.543609115,0.128199345,0.466185097,0.540169295,0.67180846,1.006354392,7
"""7796""",2022/3/25 7:00,0.906572865,7,0.27794832,0.28975003,0.560245137,0.531792584,0.56769835,1.092037721,7
"""7797""",2022/3/25 8:00,0.921262638,8,0.50826857,0.614825762,0.593115261,0.607524166,1.123094332,1.200639427,7
"""7798""",2022/3/25 9:00,0.911567177,8,0.425723852,0.020738872,0.59390478,0.513617898,0.446462724,1.107522678,7
"""7799""",2022/3/25 10:00,0.94466016,7,0.401643052,0.509984972,0.528120524,0.485593284,0.911628024,1.013713808,7
"""7800""",2022/3/25 11:00,0.938257466,5,0.633627354,0.5320197,0.630614748,0.558778359,1.165647053,1.189393106,7
"""7801""",2022/3/25 12:00,0.90533176,5,0.025333687,0.293520754,0.606099982,0.599784111,0.31885444,1.205884093,7
"""7802""",2022/3/25 13:00,0.929252154,5,0.663237377,0.061292998,0.490858803,0.621328606,0.724530376,1.112187409,7
"""7803""",2022/3/25 14:00,0.95301251,5,0.571917793,0.636315402,0.129957118,0.376323958,1.208233195,0.506281076,7
"""7804""",2022/3/25 15:00,0.945888424,6,0.622097058,0.624183145,0.011501113,0.542549371,1.246280203,0.554050484,7
"""7805""",2022/3/25 16:00,0.94931595,7,0.526611816,0.507922116,0.207925888,0.294533641,1.034533931,0.50245953,7
"""7806""",2022/3/25 17:00,0.939672483,6,0.616438472,0.073367246,0.547891483,0.489152017,0.689805718,1.037043501,7
"""7807""",2022/3/25 18:00,0.909983091,7,0.37390327,0.10218455,0.600010118,0.504428168,0.47608782,1.104438286,7
"""7808""",2022/3/25 19:00,0.901271594,8,0.588184374,0.465221899,0.296243145,0.655359623,1.053406273,0.951602768,7
"""7809""",2022/3/25 20:00,0.951542928,5,0.263775225,0.433717835,0.499173566,0.50382039,0.69749306,1.002993955,7
"""7810""",2022/3/25 21:00,0.913627285,5,0.662832094,0.422803128,0.241071139,0.616564684,1.085635222,0.857635823,7
"""7811""",2022/3/25 22:00,0.93990885,7,0.587878738,0.54518708,0.263313536,0.294863504,1.133065818,0.558177039,7
"""7812""",2022/3/25 23:00,0.902671836,5,0.003636789,0.418872116,0.644896491,0.564162866,0.422508905,1.209059357,7
"""7813""",2022/3/26 0:00,0.903410792,6,0.641931872,0.598831253,0.303438711,0.628643057,1.240763125,0.932081768,7
"""7814""",2022/3/26 1:00,0.910872372,8,0.604163776,0.497999043,0.29402207,0.393806413,1.102162819,0.687828483,7
"""7815""",2022/3/26 2:00,0.923532856,6,0.144177908,0.627564912,0.605268716,0.498840242,0.77174282,1.104108958,7
"""7816""",2022/3/26 3:00,0.906985436,5,0.655176796,0.607514107,0.039498157,0.305918422,1.262690903,0.345416579,7
"""7817""",2022/3/26 4:00,0.913799664,7,0.588776529,0.454816892,0.150118175,0.178221471,1.043593421,0.328339645,7
"""7818""",2022/3/26 5:00,0.950284215,6,0.038134038,0.445330365,0.56085751,0.511757305,0.483464403,1.072614815,7
"""7819""",2022/3/26 6:00,0.940168182,7,0.573751281,0.444254322,0.482839599,0.085843663,1.018005602,0.568683262,7
"""7820""",2022/3/26 7:00,0.944334253,6,0.172910963,0.369737832,0.453993001,0.552265236,0.542648796,1.006258237,7
"""7821""",2022/3/26 8:00,0.90477019,7,0.663915044,0.515253684,0.413227806,0.168810641,1.179168728,0.582038446,7
"""7822""",2022/3/26 9:00,0.950136017,5,0.455344639,0.48467461,0.488619307,0.551206048,0.940019248,1.039825355,7
"""7823""",2022/3/26 10:00,0.906122981,5,0.521424213,0.507634104,0.093068763,0.11817015,1.029058316,0.211238913,7
"""7824""",2022/3/26 11:00,0.932983734,5,0.262283007,0.61789857,0.367638002,0.649136852,0.880181577,1.016774854,7
"""7825""",2022/3/26 12:00,0.945585025,5,0.580639288,0.482821728,0.605660843,0.408603545,1.063461015,1.014264387,7
"""7826""",2022/3/26 13:00,0.92888346,6,0.353050051,0.568742853,0.61967353,0.394012153,0.921792904,1.013685683,7
"""7827""",2022/3/26 14:00,0.928195209,7,0.162400236,0.184443341,0.623356589,0.392073179,0.346843577,1.015429768,7
"""7828""",2022/3/26 15:00,0.958317182,6,0.588818604,0.610056653,0.100116394,0.359182385,1.198875258,0.459298779,7
"""7829""",2022/3/26 16:00,0.928896551,8,0.339613182,0.000982344,0.511266276,0.658999566,0.340595527,1.170265842,7
"""7830""",2022/3/26 17:00,0.940714188,6,0.417322924,0.177357194,0.549612857,0.498266901,0.594680118,1.047879759,7
"""7831""",2022/3/26 18:00,0.947945528,6,0.555105323,0.454230949,0.488440385,0.477948218,1.009336272,0.966388603,7
"""7832""",2022/3/26 19:00,0.957607167,6,0.077211383,0.127637696,0.594660679,0.535460427,0.204849079,1.130121106,7
"""7833""",2022/3/26 20:00,0.907176461,6,0.531904676,0.56947709,0.653034357,0.641998678,1.101381767,1.295033035,7
"""7834""",2022/3/26 21:00,0.901641312,6,0.626856943,0.611258899,0.630112131,0.118867478,1.238115843,0.748979609,7
"""7835""",2022/3/26 22:00,0.932490452,7,0.028051198,0.067226149,0.529890563,0.623654882,0.095277346,1.153545445,7
"""7836""",2022/3/26 23:00,0.942994798,7,0.647006703,0.602656248,0.026038715,0.05262342,1.249662951,0.078662135,7
"""7837""",2022/3/27 0:00,0.943054657,6,0.545119691,0.564388378,0.31091671,0.018751442,1.109508068,0.329668151,7
"""7838""",2022/3/27 1:00,0.932243485,7,0.643248775,0.559566975,0.292416369,0.495899389,1.202815751,0.788315758,7
"""7839""",2022/3/27 2:00,0.90063014,5,0.615123991,0.38891789,0.347790653,0.523709177,1.004041881,0.87149983,7
"""7840""",2022/3/27 3:00,0.92786048,6,0.648480183,0.521394339,0.64852794,0.057215552,1.169874522,0.705743492,7
"""7841""",2022/3/27 4:00,0.902566859,6,0.102083659,0.190746836,0.628313313,0.403626197,0.292830495,1.03193951,7
"""7842""",2022/3/27 5:00,0.900740006,5,0.564573429,0.569617238,0.322337961,0.61496811,1.134190667,0.937306071,7
"""7843""",2022/3/27 6:00,0.951986291,6,0.270964706,0.436144802,0.535371467,0.486939531,0.707109508,1.022310998,7
"""7844""",2022/3/27 7:00,0.920067114,6,0.139932542,0.633923296,0.51464056,0.603470596,0.773855837,1.118111156,7
"""7845""",2022/3/27 8:00,0.907655377,5,0.470413904,0.64033183,0.148914807,0.355184217,1.110745734,0.504099024,7
"""7846""",2022/3/27 9:00,0.931580959,5,0.604569896,0.402028637,0.053032571,0.385385115,1.006598532,0.438417685,7
"""7847""",2022/3/27 10:00,0.937087246,5,0.646521459,0.434537674,0.20285535,0.043586376,1.081059133,0.246441726,7
"""7848""",2022/3/27 11:00,0.92809049,9,0.509177569,0.534122564,0.521670273,0.512916818,1.043300133,1.034587091,7
"""7849""",2022/3/27 12:00,0.958313028,8,0.460951448,0.662900347,0.155395827,0.586202477,1.123851794,0.741598304,7
"""7850""",2022/3/27 13:00,0.90998633,6,0.615928917,0.422493546,0.321791767,0.634739132,1.038422463,0.956530899,7
"""7851""",2022/3/27 14:00,0.91679959,5,0.062707985,0.070629561,0.664005717,0.517597545,0.133337546,1.181603262,7
"""7852""",2022/3/27 15:00,0.93674024,5,0.555410297,0.496548869,0.144561842,0.351320576,1.051959166,0.495882418,7
"""7853""",2022/3/27 16:00,0.922685162,8,0.515066521,0.494383046,0.508905623,0.562313049,1.009449567,1.071218672,7
"""7854""",2022/3/27 17:00,0.931769057,7,0.420942738,0.597721689,0.553131865,0.327717346,1.018664427,0.88084921,7
"""7855""",2022/3/27 18:00,0.948969599,5,0.359004956,0.637668802,0.511676247,0.664378277,0.996673757,1.176054524,7
"""7856""",2022/3/27 19:00,0.937469491,5,0.496193084,0.048254575,0.661292074,0.558810949,0.544447659,1.220103023,7
"""7857""",2022/3/27 20:00,0.938014273,6,0.465131642,0.214235167,0.659395675,0.640608348,0.679366808,1.300004023,7
"""7858""",2022/3/27 21:00,0.921649592,6,0.422335367,0.607724879,0.271105424,0.158035913,1.030060245,0.429141337,7
"""7859""",2022/3/27 22:00,0.938307811,7,0.608882441,0.416945437,0.392097292,0.074033369,1.025827878,0.466130662,7
"""7860""",2022/3/27 23:00,0.930254458,7,0.501180594,0.509323868,0.201148626,0.028229735,1.010504462,0.229378361,7
"""7861""",2022/3/28 0:00,0.925534217,8,0.401669384,0.365501857,0.623202826,0.643434018,0.767171241,1.266636844,7
"""7862""",2022/3/28 1:00,0.914246289,6,0.552590245,0.653346926,0.191742234,0.234072606,1.205937171,0.42581484,7
"""7863""",2022/3/28 2:00,0.945427363,6,0.184420846,0.534041539,0.56256438,0.649085701,0.718462385,1.211650081,7
"""7864""",2022/3/28 3:00,0.910109055,5,0.134201947,0.115346734,0.616556041,0.419760998,0.249548681,1.036317039,7
"""7865""",2022/3/28 4:00,0.929307126,8,0.656351404,0.356778333,0.513041432,0.128770844,1.013129737,0.641812275,7
"""7866""",2022/3/28 5:00,0.9190682,8,0.033270993,0.380649244,0.555389664,0.584477982,0.413920237,1.139867647,7
"""7867""",2022/3/28 6:00,0.957819622,5,0.653718753,0.407265962,0.222445036,0.400351759,1.060984715,0.622796795,7
"""7868""",2022/3/28 7:00,0.904927066,5,0.575019785,0.328638116,0.617799251,0.662386972,0.9036579,1.280186224,7
"""7869""",2022/3/28 8:00,0.903099727,5,0.373190361,0.00282119,0.511045682,0.500546317,0.376011551,1.011591999,7
"""7870""",2022/3/28 9:00,0.932561606,5,0.590660587,0.045219284,0.48332964,0.556279219,0.635879871,1.039608858,7
"""7871""",2022/3/28 10:00,0.920057541,8,0.405772167,0.375130327,0.6479128,0.473997754,0.780902494,1.121910554,7
"""7872""",2022/3/28 11:00,0.942257923,5,0.187609132,0.32465412,0.517424998,0.50176011,0.512263252,1.019185108,7
"""7873""",2022/3/28 12:00,0.951180883,6,0.62727403,0.404297238,0.644887161,0.490767427,1.031571268,1.135654588,7
"""7874""",2022/3/28 13:00,0.958188695,7,0.278150356,0.650872398,0.485052596,0.586682505,0.929022754,1.071735101,7
"""7875""",2022/3/28 14:00,0.90245988,8,0.21124705,0.289007483,0.500760947,0.58235585,0.500254533,1.083116797,7
"""7876""",2022/3/28 15:00,0.941006927,6,0.118081815,0.331008984,0.574133776,0.49733653,0.449090799,1.071470307,7
"""7877""",2022/3/28 16:00,0.939143291,6,0.592037151,0.51143283,0.638934889,0.356150369,1.103469981,0.995085258,7
"""7878""",2022/3/28 17:00,0.955807476,8,0.32451251,0.576112083,0.467765175,0.610734901,0.900624593,1.078500076,7
"""7879""",2022/3/28 18:00,0.927507315,7,0.016236956,0.240637991,0.595209909,0.495991599,0.256874947,1.091201508,7
"""7880""",2022/3/28 19:00,0.949508055,7,0.414367714,0.372743433,0.653386862,0.638579826,0.787111147,1.291966688,7
"""7881""",2022/3/28 20:00,0.928989183,5,0.656757149,0.364891819,0.271088041,0.641465515,1.021648967,0.912553557,7
"""7882""",2022/3/28 21:00,0.913276629,8,0.315517874,0.210750651,0.458238617,0.590420248,0.526268525,1.048658865,7
"""7883""",2022/3/28 22:00,0.903400509,6,0.540108723,0.483508279,0.654240452,0.231042138,1.023617003,0.88528259,7
"""7884""",2022/3/28 23:00,0.911708241,8,0.555092417,0.499104898,0.26735992,0.579121174,1.054197315,0.846481094,7
"""7885""",2022/3/29 0:00,0.916341315,8,0.612169098,0.396980402,0.573316813,0.526138252,1.0091495,1.099455065,7
"""7886""",2022/3/29 1:00,0.927389074,8,0.280528014,0.487738187,0.640201907,0.403071956,0.7682662,1.043273863,7
"""7887""",2022/3/29 2:00,0.93390078,9,0.462493749,0.544510068,0.090337485,0.248544911,1.007003817,0.338882396,7
"""7888""",2022/3/29 3:00,0.913946384,8,0.055189178,0.152234759,0.569033699,0.511562679,0.207423937,1.080596378,7
"""7889""",2022/3/29 4:00,0.910741011,5,0.36407124,0.051188224,0.62234993,0.655772737,0.415259464,1.278122667,7
"""7890""",2022/3/29 5:00,0.943755736,8,0.566399866,0.61861091,0.604088128,0.511276064,1.185010776,1.115364193,7
"""7891""",2022/3/29 6:00,0.941081802,7,0.152705598,0.523023559,0.563765431,0.550125718,0.675729156,1.113891148,7
"""7892""",2022/3/29 7:00,0.905849674,6,0.471115473,0.665312935,0.618828377,0.348498994,1.136428409,0.967327372,7
"""7893""",2022/3/29 8:00,0.912861479,6,0.361966767,0.148990794,0.662582663,0.484670012,0.510957561,1.147252675,7
"""7894""",2022/3/29 9:00,0.937427454,7,0.559077971,0.306805151,0.461066442,0.639690942,0.865883122,1.100757384,7
"""7895""",2022/3/29 10:00,0.957237108,7,0.346784079,0.099983724,0.630103115,0.379485529,0.446767803,1.009588644,7
"""7896""",2022/3/29 11:00,0.950551115,5,0.497422104,0.643212946,0.443589584,0.280435653,1.140635049,0.724025237,7
"""7897""",2022/3/29 12:00,0.940094101,5,0.37521313,0.481449301,0.503306007,0.662993773,0.856662431,1.166299781,7
"""7898""",2022/3/29 13:00,0.931033554,6,0.593917879,0.59117861,0.44099907,0.069359585,1.185096489,0.510358655,7
"""7899""",2022/3/29 14:00,0.957050461,7,0.362823526,0.64646933,0.027109519,0.324895996,1.009292856,0.352005515,7
"""7900""",2022/3/29 15:00,0.92287826,8,0.607591133,0.580417027,0.119062326,0.127525221,1.188008161,0.246587547,7
"""7901""",2022/3/29 16:00,0.944139335,5,0.497174528,0.115704053,0.608306342,0.549928947,0.612878581,1.158235289,7
"""7902""",2022/3/29 17:00,0.932847091,7,0.637193307,0.53554177,0.219729037,0.586329742,1.172735078,0.806058779,7
"""7903""",2022/3/29 18:00,0.930780131,5,0.064731553,0.494882424,0.417438314,0.606383114,0.559613977,1.023821428,7
"""7904""",2022/3/29 19:00,0.946728579,6,0.534288532,0.466717773,0.15772772,0.623833999,1.001006306,0.781561719,7
"""7905""",2022/3/29 20:00,0.94524244,7,0.542529814,0.641490732,0.608685844,0.579530402,1.184020546,1.188216246,7
"""7906""",2022/3/29 21:00,0.905656808,9,0.194669971,0.332750451,0.609307688,0.615412833,0.527420422,1.224720522,7
"""7907""",2022/3/29 22:00,0.903386467,6,0.293415742,0.083829374,0.559968707,0.638111309,0.377245116,1.198080016,7
"""7908""",2022/3/29 23:00,0.957450964,5,0.39125186,0.354942841,0.653191732,0.598387451,0.746194701,1.251579183,7
"""7909""",2022/3/30 0:00,0.921855063,5,0.13412225,0.071725698,0.598060199,0.51878078,0.205847948,1.116840979,7
"""7910""",2022/3/30 1:00,0.904997563,5,0.593581217,0.581352612,0.435441956,0.045839864,1.174933829,0.48128182,7
"""7911""",2022/3/30 2:00,0.911431134,5,0.057349428,0.215219102,0.628153372,0.629446905,0.272568531,1.257600278,7
"""7912""",2022/3/30 3:00,0.956133756,7,0.434638434,0.572084147,0.566795717,0.081352702,1.00672258,0.648148419,7
"""7913""",2022/3/30 4:00,0.935616828,5,0.543304695,0.611741101,0.341225556,0.287094581,1.155045796,0.628320137,7
"""7914""",2022/3/30 5:00,0.92009275,7,0.611680467,0.609588558,0.635848855,0.404227746,1.221269024,1.040076602,7
"""7915""",2022/3/30 6:00,0.904306543,5,0.513151022,0.61757639,0.612248316,0.49457712,1.130727412,1.106825436,7
"""7916""",2022/3/30 7:00,0.901804885,5,0.397629978,0.22596659,0.596728404,0.511678654,0.623596568,1.108407058,7
"""7917""",2022/3/30 8:00,0.910811098,9,0.289169836,0.1488409,0.579153769,0.435474419,0.438010736,1.014628188,7
"""7918""",2022/3/30 9:00,0.956508974,7,0.613181062,0.417802311,0.587375322,0.44932391,1.030983372,1.036699232,7
"""7919""",2022/3/30 10:00,0.932105804,8,0.459754375,0.617189887,0.369216355,0.600961288,1.076944263,0.970177643,7
"""7920""",2022/3/30 11:00,0.942819794,5,0.510763904,0.592867638,0.115641578,0.390599853,1.103631542,0.506241431,7
"""7921""",2022/3/30 12:00,0.925866429,5,0.656385996,0.535508787,0.539105435,0.177751159,1.191894784,0.716856594,7
"""7922""",2022/3/30 13:00,0.921318575,5,0.567533019,0.537639794,0.018763969,0.502742903,1.105172812,0.521506872,7
"""7923""",2022/3/30 14:00,0.945500154,7,0.406115654,0.278489507,0.549664604,0.550267689,0.684605161,1.099932293,7
"""7924""",2022/3/30 15:00,0.954964591,6,0.457078368,0.612173521,0.648570152,0.243494954,1.069251889,0.892065105,7
"""7925""",2022/3/30 16:00,0.903137795,7,0.637210278,0.608531097,0.197117003,0.477044029,1.245741375,0.674161031,7
"""7926""",2022/3/30 17:00,0.947161263,5,0.526552171,0.662430373,0.205328936,0.316153146,1.188982544,0.521482083,7
"""7927""",2022/3/30 18:00,0.911693804,5,0.663567352,0.23667001,0.548455374,0.626312412,0.900237362,1.174767786,7
"""7928""",2022/3/30 19:00,0.905866789,9,0.621463827,0.05676386,0.60688467,0.5058016,0.678227687,1.11268627,7
"""7929""",2022/3/30 20:00,0.920350017,5,0.463198262,0.600817155,0.315230519,0.031025294,1.064015417,0.346255814,7
"""7930""",2022/3/30 21:00,0.948146607,8,0.000925817,0.327832891,0.568251493,0.490126096,0.328758708,1.058377589,7
"""7931""",2022/3/30 22:00,0.955004947,7,0.504118781,0.504959448,0.4822255,0.416881184,1.009078228,0.899106684,7
"""7932""",2022/3/30 23:00,0.949921999,5,0.374442912,0.381190128,0.608186382,0.427047344,0.75563304,1.035233725,7
"""7933""",2022/3/31 0:00,0.914270637,5,0.087463028,0.284839255,0.619362141,0.418297436,0.372302283,1.037659577,7
"""7934""",2022/3/31 1:00,0.922204316,7,0.622669658,0.532254085,0.615357263,0.278740828,1.154923743,0.894098091,7
"""7935""",2022/3/31 2:00,0.950215695,8,0.437463883,0.520653191,0.655347552,0.581592888,0.958117074,1.23694044,7
"""7936""",2022/3/31 3:00,0.913123387,7,0.214526633,0.312688368,0.492252876,0.563294098,0.527215002,1.055546974,7
"""7937""",2022/3/31 4:00,0.929662306,6,0.262963162,0.020956031,0.618067189,0.406138585,0.283919194,1.024205775,7
"""7938""",2022/3/31 5:00,0.929325892,6,0.634581508,0.621309559,0.464150621,0.073432783,1.255891067,0.537583405,7
"""7939""",2022/3/31 6:00,0.913273642,5,0.544653669,0.650790398,0.145690373,0.386804569,1.195444067,0.532494941,7
"""7940""",2022/3/31 7:00,0.956510817,6,0.466685272,0.429156264,0.642551447,0.603158553,0.895841536,1.24571,7
"""7941""",2022/3/31 8:00,0.944983605,6,0.541342854,0.642388729,0.500587109,0.10738367,1.183731582,0.607970779,7
"""7942""",2022/3/31 9:00,0.937595573,5,0.559258527,0.516988493,0.065803712,0.038206076,1.07624702,0.104009788,7
"""7943""",2022/3/31 10:00,0.923058549,7,0.51993477,0.608500417,0.274538881,0.017461059,1.128435187,0.29199994,7
"""7944""",2022/3/31 11:00,0.94380674,8,0.48875413,0.191375452,0.488303278,0.601762598,0.680129582,1.090065877,7
"""7945""",2022/3/31 12:00,0.934064825,5,0.638324324,0.531132828,0.326636188,0.132953088,1.169457152,0.459589276,7
"""7946""",2022/3/31 13:00,0.946449378,8,0.076448859,0.207068341,0.455242187,0.593706658,0.2835172,1.048948846,7
"""7947""",2022/3/31 14:00,0.910035844,7,0.119490458,0.3032459,0.535119068,0.530545064,0.422736358,1.065664132,7
"""7948""",2022/3/31 15:00,0.930909932,6,0.546362284,0.361708017,0.466812912,0.54342593,0.9080703,1.010238842,7
"""7949""",2022/3/31 16:00,0.945575944,5,0.188055182,0.042742397,0.515902041,0.65119828,0.230797579,1.167100321,7
"""7950""",2022/3/31 17:00,0.95816228,6,0.593648218,0.45667091,0.123769607,0.559474209,1.050319128,0.683243816,7
"""7951""",2022/3/31 18:00,0.920786885,7,0.445700957,0.625834301,0.072953424,0.382427962,1.071535258,0.455381386,7
"""7952""",2022/3/31 19:00,0.927853421,6,0.474727821,0.545283222,0.501010134,0.427231308,1.020011043,0.928241442,7
"""7953""",2022/3/31 20:00,0.933979304,7,0.583155132,0.608341762,0.124993241,0.234447553,1.191496894,0.359440793,7
"""7954""",2022/3/31 21:00,0.942300692,5,0.522844672,0.492060351,0.361736122,0.150029897,1.014905023,0.511766019,7
"""7955""",2022/3/31 22:00,0.954330207,5,0.599988604,0.606149033,0.490794978,0.108641126,1.206137637,0.599436104,7
"""7956""",2022/3/31 23:00,0.915003163,6,0.407470118,0.621237108,0.536732822,0.111198569,1.028707226,0.647931391,7
"""7957""",2022/4/1 0:00,0.907254204,6,0.45476125,0.601429884,0.093108913,0.356393133,1.056191134,0.449502046,7
"""7958""",2022/4/1 1:00,0.94833188,6,0.02238907,0.141224954,0.634924587,0.558844424,0.163614024,1.193769011,7
"""7959""",2022/4/1 2:00,0.903472921,5,0.140223512,0.269327216,0.394440648,0.649223022,0.409550728,1.04366367,7
"""7960""",2022/4/1 3:00,0.942285014,7,0.410111017,0.620854226,0.527883606,0.588974923,1.030965243,1.116858528,7
"""7961""",2022/4/1 4:00,0.953269636,8,0.639383056,0.656809573,0.356087233,0.523775191,1.296192629,0.879862424,7
"""7962""",2022/4/1 5:00,0.904287881,6,0.212895076,0.570608501,0.446666515,0.584373206,0.783503577,1.031039721,7
"""7963""",2022/4/1 6:00,0.930245035,8,0.113883629,0.16842907,0.599372658,0.439778741,0.282312699,1.0391514,7
"""7964""",2022/4/1 7:00,0.93722502,6,0.581704551,0.044097488,0.624454241,0.504471354,0.625802039,1.128925595,7
"""7965""",2022/4/1 8:00,0.951068747,6,0.634273271,0.497101791,0.012367737,0.530014106,1.131375062,0.542381843,7
"""7966""",2022/4/1 9:00,0.945359561,9,0.02019055,0.481613334,0.665533334,0.559320018,0.501803884,1.224853351,7
"""7967""",2022/4/1 10:00,0.9447091,5,0.193016265,0.348135655,0.664536375,0.631930956,0.541151921,1.296467331,7
"""7968""",2022/4/1 11:00,0.907914152,5,0.652182366,0.419787902,0.208908493,0.146817849,1.071970268,0.355726342,7
"""7969""",2022/4/1 12:00,0.901371105,8,0.385059928,0.638225128,0.423169118,0.071296641,1.023285056,0.494465759,7
"""7970""",2022/4/1 13:00,0.907495289,6,0.607629773,0.625176708,0.040807178,0.575966059,1.23280648,0.616773237,7
"""7971""",2022/4/1 14:00,0.901100863,9,0.278493289,0.622961806,0.570734187,0.534364842,0.901455095,1.10509903,7
"""7972""",2022/4/1 15:00,0.928749107,8,0.151731904,0.157426326,0.659533645,0.602429871,0.309158231,1.261963516,7
"""7973""",2022/4/1 16:00,0.942934846,6,0.565046941,0.603269082,0.444832038,0.536861,1.168316023,0.981693038,7
"""7974""",2022/4/1 17:00,0.929322399,7,0.537784181,0.302773469,0.494424176,0.518202129,0.84055765,1.012626305,7
"""7975""",2022/4/1 18:00,0.936200129,5,0.320870883,0.349149085,0.524796268,0.494615907,0.670019969,1.019412175,7
"""7976""",2022/4/1 19:00,0.935055829,7,0.440057041,0.625819232,0.554879685,0.048476404,1.065876273,0.603356089,7
"""7977""",2022/4/1 20:00,0.956834547,7,0.371048799,0.470164067,0.519943699,0.623179978,0.841212866,1.143123677,7
"""7978""",2022/4/1 21:00,0.914782085,7,0.506871355,0.509787381,0.619188153,0.108082597,1.016658736,0.72727075,7
"""7979""",2022/4/1 22:00,0.949974844,5,0.4735882,0.007258607,0.613259971,0.557807705,0.480846807,1.171067675,7
"""7980""",2022/4/1 23:00,0.956291664,5,0.595587471,0.625366068,0.502134363,0.645663641,1.220953539,1.147798004,7
"""7981""",2022/4/2 0:00,0.90177408,6,0.656310858,0.00271945,0.607118966,0.42307095,0.659030308,1.030189916,7
"""7982""",2022/4/2 1:00,0.90304792,5,0.660149478,0.621479863,0.646872109,0.517593596,1.281629341,1.164465704,7
"""7983""",2022/4/2 2:00,0.950000661,6,0.665753138,0.468457651,0.448663518,0.457298389,1.134210789,0.905961907,7
"""7984""",2022/4/2 3:00,0.908600546,5,0.64572614,0.421216811,0.509546555,0.224147895,1.066942951,0.73369445,7
"""7985""",2022/4/2 4:00,0.939712896,6,0.314775133,0.016674077,0.530965507,0.541423744,0.33144921,1.072389251,7
"""7986""",2022/4/2 5:00,0.958210898,9,0.279215852,0.409027302,0.609899486,0.497677723,0.688243154,1.10757721,7
"""7987""",2022/4/2 6:00,0.910425741,5,0.618192634,0.553744004,0.059104881,0.231226211,1.171936638,0.290331093,7
"""7988""",2022/4/2 7:00,0.922090018,8,0.187999151,0.284646947,0.406597284,0.596742601,0.472646098,1.003339884,7
"""7989""",2022/4/2 8:00,0.904128972,6,0.420822674,0.637068078,0.379845473,0.168838615,1.057890752,0.548684088,7
"""7990""",2022/4/2 9:00,0.921023714,6,0.592349424,0.492534259,0.27619911,0.484108948,1.084883683,0.760308058,7
"""7991""",2022/4/2 10:00,0.95106631,6,0.492366935,0.639806155,0.282434649,0.645783222,1.13217309,0.928217871,7
"""7992""",2022/4/2 11:00,0.933543222,5,0.517781206,0.524501304,0.181814046,0.526833389,1.04228251,0.708647435,7
"""7993""",2022/4/2 12:00,0.912422083,7,0.474374171,0.385250605,0.39277768,0.640724173,0.859624777,1.033501853,7
"""7994""",2022/4/2 13:00,0.90688906,5,0.664347741,0.469112735,0.056659277,0.281837594,1.133460476,0.33849687,7
"""7995""",2022/4/2 14:00,0.9089259,8,0.472608108,0.586158834,0.472896401,0.268876937,1.058766942,0.741773338,7
"""7996""",2022/4/2 15:00,0.923833878,8,0.507416151,0.129030162,0.660927005,0.594203533,0.636446313,1.255130538,7
"""7997""",2022/4/2 16:00,0.946417117,5,0.473058712,0.431277581,0.383343839,0.628297729,0.904336293,1.011641568,7
"""7998""",2022/4/2 17:00,0.924328706,7,0.498442621,0.634512043,0.188934379,0.000643913,1.132954664,0.189578292,7
"""7999""",2022/4/2 18:00,0.904836266,7,0.31361248,0.594810291,0.513143943,0.572950019,0.908422771,1.086093962,7
"""8000""",2022/4/2 19:00,0.938422925,6,0.635514249,0.568716708,0.338893712,0.143433247,1.204230957,0.482326959,7
